1 0.926811
2 0.926056
4 0.919327
6 0.927291
8 0.926742
10 0.926605
12 0.9207
14 0.924133
16 0.881016
18 0.900103
20 0.911775
22 0.908617
24 0.911088
26 0.910814
28 0.911088
30 0.90999
32 0.912736
34 0.915482
36 0.915002
38 0.921387
40 0.916855
42 0.925712
44 0.924545
46 0.926536
48 0.916306
50 0.92379
52 0.920975
54 0.923721
56 0.927566
58 0.925987
60 0.927223
62 0.925918
64 0.920426
66 0.902643
68 0.91047
70 0.918572
72 0.920632
74 0.921044
76 0.918778
78 0.91919
80 0.92022
82 0.919396
84 0.92173
86 0.922417
88 0.919876
90 0.909234
92 0.909646
94 0.920494
96 0.920082
98 0.920426
100 0.920014
102 0.922485
104 0.922554
106 0.924133
108 0.923103
110 0.923447
112 0.924202
114 0.923172
116 0.923515
118 0.92379
120 0.917405
122 0.921936
124 0.921936
126 0.921456
128 0.92125
130 0.922417
132 0.921181
134 0.922142
136 0.918709
138 0.913354
140 0.912942
142 0.911157
144 0.917885
146 0.919945
148 0.919739
150 0.919808
152 0.919258
154 0.921181
156 0.92125
158 0.92173
160 0.921661
162 0.920632
164 0.91816
166 0.921387
168 0.914796
170 0.913423
172 0.920906
174 0.922073
176 0.91713
178 0.91562
180 0.91356
182 0.918297
184 0.918572
186 0.923515
188 0.923721
190 0.923927
192 0.920563
194 0.924202
196 0.920975
198 0.923721
200 0.924202
202 0.923309
204 0.920906
206 0.923584
208 0.92379
210 0.92379
212 0.917542
214 0.920563
216 0.923103
218 0.921799
220 0.917267
222 0.916855
224 0.915688
226 0.918023
228 0.919327
230 0.917748
232 0.918572
234 0.920563
236 0.917473
238 0.919602
240 0.91919
242 0.921044
244 0.920632
246 0.921318
248 0.921044
250 0.916581
252 0.915826
254 0.921936
256 0.924477
258 0.924408
260 0.924682
262 0.92173
264 0.916581
266 0.921181
268 0.925163
270 0.927291
272 0.927497
274 0.927085
276 0.926674
278 0.926605
280 0.927497
282 0.926742
284 0.924477
286 0.927703
288 0.922554
290 0.921044
292 0.921456
294 0.92585
296 0.925644
298 0.922554
300 0.926742
302 0.922829
304 0.925781
306 0.922485
308 0.927703
310 0.920151
312 0.925163
314 0.925094
316 0.926742
318 0.924751
320 0.922417
322 0.92482
324 0.926262
326 0.925506
328 0.923927
330 0.922554
332 0.924682
334 0.908823
336 0.918915
338 0.921661
340 0.927085
342 0.926948
344 0.927291
346 0.927497
348 0.927154
350 0.921181
352 0.924545
354 0.926811
356 0.925232
358 0.921112
360 0.927703
362 0.923515
364 0.924477
366 0.924545
368 0.926399
370 0.927841
372 0.919739
374 0.920082
376 0.925094
378 0.925506
380 0.925094
382 0.925918
384 0.924202
386 0.9253
388 0.925369
390 0.924682
392 0.924545
394 0.923653
396 0.922829
398 0.923309
400 0.921112
402 0.923584
404 0.924339
406 0.922691
408 0.924065
410 0.923584
412 0.924682
414 0.924271
416 0.927154
418 0.927223
420 0.927291
422 0.927497
424 0.923996
426 0.924477
428 0.883144
430 0.902849
432 0.90539
434 0.90587
436 0.914246
438 0.922211
440 0.919533
442 0.923515
444 0.923378
446 0.928184
448 0.923241
450 0.927085
452 0.926605
454 0.927223
456 0.924682
458 0.926124
460 0.924065
462 0.923378
464 0.923515
466 0.927703
468 0.927566
470 0.927635
472 0.926674
474 0.928047
476 0.926193
478 0.927978
480 0.927772
482 0.918229
484 0.920082
486 0.924477
488 0.924065
490 0.924271
492 0.924065
494 0.923241
496 0.925094
498 0.923378
500 0.927566
502 0.928184
504 0.928665
506 0.927772
508 0.927497
510 0.928115
512 0.92736
514 0.92276
516 0.923996
518 0.927497
520 0.927703
522 0.926742
524 0.927703
526 0.927497
528 0.928115
530 0.909715
532 0.912393
534 0.916375
536 0.919121
538 0.919464
540 0.919464
542 0.919876
544 0.919533
546 0.911431
548 0.893443
550 0.910402
552 0.916032
554 0.917405
556 0.923859
558 0.919808
560 0.910814
562 0.921181
564 0.918847
566 0.922485
568 0.911569
570 0.922554
572 0.92688
574 0.924957
576 0.925781
578 0.926742
580 0.92482
582 0.928459
584 0.925918
586 0.927017
588 0.927085
590 0.928527
592 0.928665
594 0.927635
596 0.925506
598 0.928459
600 0.926605
602 0.927772
604 0.928115
606 0.926742
608 0.926536
610 0.926399
612 0.927566
614 0.926605
616 0.926811
618 0.926674
620 0.920151
622 0.920975
624 0.923721
626 0.926811
628 0.919739
630 0.921318
632 0.918572
634 0.924271
636 0.9253
638 0.926674
640 0.926605
642 0.926605
644 0.926124
646 0.925438
648 0.926742
650 0.926536
652 0.927291
654 0.926811
656 0.926399
658 0.925506
660 0.919396
662 0.922829
664 0.925026
666 0.9253
668 0.926193
670 0.923653
672 0.926193
674 0.926124
676 0.912393
678 0.921867
680 0.923996
682 0.924065
684 0.924751
686 0.925026
688 0.924682
690 0.924477
692 0.924202
694 0.922829
696 0.922554
698 0.924339
700 0.926742
702 0.925026
704 0.919739
706 0.908067
708 0.913011
710 0.921044
712 0.919464
714 0.915826
716 0.926605
718 0.927566
720 0.922005
722 0.923309
724 0.923035
726 0.923515
728 0.919121
730 0.923447
732 0.923309
734 0.926742
736 0.927978
738 0.92736
740 0.927497
742 0.925094
744 0.92688
746 0.924339
748 0.923103
750 0.923584
752 0.922966
754 0.923584
756 0.925163
758 0.925026
760 0.924751
762 0.927772
764 0.927978
766 0.928047
768 0.92839
770 0.928871
772 0.927017
774 0.92482
776 0.925506
778 0.928733
780 0.928115
782 0.927566
784 0.926536
786 0.928871
788 0.926605
790 0.92839
792 0.925232
794 0.925506
796 0.925644
798 0.927772
800 0.92839
802 0.926948
804 0.927291
806 0.926468
808 0.927154
810 0.92688
812 0.928871
814 0.928115
816 0.928253
818 0.928115
820 0.928939
822 0.928047
824 0.928253
826 0.927635
828 0.927978
830 0.928047
832 0.925026
834 0.927223
836 0.928184
838 0.928184
840 0.927085
842 0.928184
844 0.927497
846 0.926742
848 0.928115
850 0.925232
852 0.928321
854 0.928459
856 0.928527
858 0.928115
860 0.928321
862 0.928459
864 0.928665
866 0.925369
868 0.926262
870 0.925369
872 0.925712
874 0.923996
876 0.922005
878 0.924888
880 0.926948
882 0.927085
884 0.927635
886 0.928321
888 0.911912
890 0.917954
892 0.922829
894 0.921044
896 0.923309
898 0.923035
900 0.927085
902 0.926811
904 0.925712
906 0.926674
908 0.920769
910 0.921318
912 0.926124
914 0.9253
916 0.926674
918 0.923515
920 0.922966
922 0.925438
924 0.928527
926 0.924682
928 0.924339
930 0.925506
932 0.925369
934 0.924339
936 0.925369
938 0.927909
940 0.925506
942 0.927223
944 0.927772
946 0.92482
948 0.926948
950 0.924888
952 0.923584
954 0.924751
956 0.9253
958 0.92633
960 0.928115
962 0.925026
964 0.927635
966 0.925369
968 0.921318
970 0.917267
972 0.92585
974 0.918572
976 0.9253
978 0.923378
980 0.923172
982 0.925369
984 0.924888
986 0.924202
988 0.925438
990 0.925918
992 0.925987
994 0.92633
996 0.923927
998 0.92585
1000 0.926193
1002 0.92633
1004 0.927154
1006 0.923447
1008 0.923103
1010 0.924545
1012 0.927703
1014 0.927772
1016 0.927703
1018 0.927909
1020 0.924682
1022 0.927703
1024 0.923996
1026 0.924957
1028 0.928939
1030 0.928733
1032 0.929008
1034 0.92942
1036 0.928939
1038 0.928047
1040 0.92839
1042 0.929008
1044 0.927635
1046 0.928802
1048 0.928871
1050 0.928665
1052 0.92839
1054 0.929145
1056 0.928047
1058 0.923653
1060 0.923653
1062 0.927978
1064 0.927291
1066 0.928939
1068 0.927703
1070 0.927703
1072 0.926056
1074 0.92839
1076 0.927017
1078 0.928253
1080 0.927841
1082 0.927909
1084 0.925438
1086 0.923859
1088 0.924271
1090 0.927909
1092 0.926811
1094 0.926811
1096 0.927017
1098 0.928115
1100 0.927841
1102 0.928047
1104 0.929557
1106 0.92736
1108 0.927772
1110 0.928047
1112 0.917885
1114 0.926193
1116 0.926811
1118 0.925575
1120 0.9253
1122 0.927291
1124 0.923859
1126 0.924133
1128 0.925369
1130 0.926124
1132 0.923378
1134 0.925781
1136 0.927841
1138 0.925644
1140 0.92379
1142 0.925438
1144 0.926056
1146 0.927841
1148 0.927429
1150 0.927635
1152 0.925918
1154 0.925987
1156 0.925987
1158 0.928184
1160 0.926262
1162 0.923378
1164 0.925232
1166 0.925506
1168 0.9253
1170 0.926262
1172 0.928459
1174 0.927429
1176 0.928527
1178 0.922142
1180 0.921936
1182 0.922966
1184 0.927566
1186 0.926262
1188 0.925575
1190 0.92585
1192 0.927223
1194 0.927566
1196 0.926605
1198 0.926262
1200 0.925163
1202 0.926605
1204 0.925506
1206 0.925438
1208 0.92839
1210 0.925026
1212 0.925094
1214 0.926468
1216 0.927154
1218 0.927978
1220 0.928665
1222 0.928596
1224 0.928802
1226 0.927703
1228 0.928871
1230 0.929145
1232 0.927085
1234 0.924614
1236 0.925438
1238 0.927429
1240 0.925438
1242 0.929077
1244 0.928184
1246 0.929077
1248 0.928253
1250 0.927772
1252 0.928733
1254 0.928459
1256 0.928733
1258 0.929008
1260 0.925163
1262 0.927566
1264 0.926742
1266 0.927841
1268 0.92942
1270 0.928939
1272 0.928871
1274 0.926399
1276 0.923584
1278 0.925369
1280 0.925232
1282 0.929008
1284 0.929077
1286 0.925026
1288 0.927909
1290 0.925163
1292 0.927772
1294 0.925026
1296 0.922829
1298 0.925987
1300 0.92839
1302 0.92688
1304 0.928047
1306 0.928047
1308 0.928184
1310 0.927429
1312 0.926742
1314 0.927703
1316 0.928047
1318 0.925438
1320 0.9253
1322 0.925644
1324 0.927703
1326 0.927635
1328 0.92688
1330 0.925781
1332 0.925987
1334 0.927841
1336 0.928459
1338 0.928115
1340 0.928321
1342 0.928665
1344 0.928459
1346 0.928596
1348 0.923927
1350 0.924682
1352 0.923859
1354 0.921044
1356 0.919327
1358 0.927703
1360 0.928047
1362 0.924957
1364 0.924202
1366 0.923653
1368 0.928184
1370 0.927635
1372 0.927841
1374 0.928596
1376 0.92942
1378 0.92942
1380 0.926811
1382 0.929077
1384 0.929283
1386 0.928939
1388 0.927635
1390 0.927017
1392 0.928459
1394 0.929008
1396 0.928047
1398 0.929077
1400 0.928939
1402 0.928459
1404 0.927497
1406 0.927909
1408 0.928459
1410 0.928459
1412 0.928321
1414 0.928665
1416 0.92736
1418 0.927566
1420 0.924545
1422 0.926811
1424 0.927909
1426 0.927703
1428 0.928596
1430 0.92839
1432 0.928321
1434 0.928596
1436 0.927841
1438 0.927772
1440 0.927703
1442 0.928115
1444 0.927497
1446 0.92688
1448 0.928047
1450 0.927909
1452 0.927566
1454 0.926262
1456 0.928115
1458 0.927772
1460 0.927566
1462 0.926811
1464 0.925918
1466 0.927497
1468 0.925575
1470 0.9253
1472 0.927566
1474 0.927772
1476 0.927429
1478 0.927223
1480 0.927223
1482 0.927703
1484 0.927429
1486 0.92736
1488 0.927703
1490 0.927703
1492 0.927566
1494 0.927909
1496 0.927841
1498 0.927497
1500 0.928047
1502 0.920975
1504 0.91919
1506 0.924957
1508 0.924133
1510 0.927154
1512 0.927703
1514 0.927772
1516 0.927635
1518 0.927635
1520 0.927703
1522 0.927909
1524 0.927978
1526 0.928184
1528 0.928047
1530 0.92839
1532 0.924271
1534 0.92736
1536 0.927429
1538 0.925369
1540 0.92379
1542 0.923515
1544 0.926605
1546 0.927635
1548 0.927223
1550 0.925987
1552 0.927017
1554 0.927291
1556 0.927909
1558 0.927772
1560 0.927085
1562 0.927154
1564 0.927291
1566 0.927978
1568 0.927772
1570 0.927223
1572 0.927154
1574 0.927154
1576 0.928459
1578 0.928184
1580 0.927841
1582 0.928527
1584 0.92839
1586 0.928253
1588 0.927291
1590 0.92736
1592 0.925987
1594 0.926124
1596 0.928871
1598 0.929283
1600 0.928596
1602 0.927772
1604 0.924202
1606 0.925918
1608 0.926742
1610 0.927841
1612 0.927085
1614 0.928733
1616 0.928733
1618 0.928871
1620 0.928596
1622 0.923859
1624 0.928047
1626 0.927154
1628 0.927017
1630 0.927909
1632 0.925644
1634 0.927223
1636 0.927703
1638 0.92736
1640 0.927566
1642 0.926468
1644 0.927566
1646 0.927429
1648 0.927635
1650 0.927635
1652 0.927772
1654 0.927703
1656 0.928047
1658 0.927841
1660 0.927772
1662 0.927635
1664 0.927635
1666 0.928115
1668 0.928115
1670 0.928115
1672 0.928184
1674 0.927978
1676 0.927841
1678 0.928047
1680 0.927909
1682 0.927841
1684 0.927566
1686 0.927841
1688 0.909166
1690 0.914384
1692 0.914521
1694 0.916718
1696 0.920426
1698 0.92022
1700 0.924065
1702 0.923515
1704 0.924202
1706 0.923241
1708 0.922966
1710 0.923241
1712 0.923378
1714 0.922691
1716 0.90642
1718 0.918984
1720 0.921181
1722 0.918366
1724 0.920014
1726 0.926674
1728 0.927772
1730 0.927223
1732 0.927841
1734 0.927497
1736 0.927429
1738 0.927429
1740 0.927291
1742 0.927154
1744 0.927429
1746 0.926948
1748 0.927497
1750 0.926468
1752 0.924888
1754 0.923859
1756 0.924202
1758 0.926674
1760 0.926193
1762 0.926399
1764 0.927566
1766 0.925506
1768 0.922485
1770 0.924751
1772 0.92276
1774 0.922623
1776 0.92276
1778 0.922623
1780 0.925232
1782 0.926742
1784 0.924888
1786 0.928459
1788 0.923859
1790 0.921867
1792 0.928802
1794 0.929077
1796 0.929283
1798 0.929145
1800 0.929351
1802 0.929283
1804 0.929283
1806 0.929488
1808 0.92942
1810 0.929145
1812 0.929351
1814 0.928184
1816 0.928253
1818 0.929145
1820 0.929077
1822 0.927772
1824 0.929145
1826 0.929351
1828 0.927841
1830 0.927909
1832 0.927909
1834 0.928047
1836 0.928459
1838 0.928321
1840 0.927635
1842 0.927497
1844 0.927772
1846 0.928802
1848 0.929077
1850 0.929145
1852 0.928939
1854 0.927566
1856 0.928939
1858 0.929008
1860 0.92942
1862 0.929214
1864 0.928733
1866 0.928665
1868 0.928733
1870 0.924339
1872 0.924408
1874 0.924614
1876 0.925506
1878 0.92379
1880 0.923447
1882 0.924614
1884 0.925438
1886 0.927223
1888 0.929145
1890 0.925232
1892 0.927772
1894 0.92839
1896 0.928665
1898 0.926742
1900 0.927085
1902 0.927223
1904 0.927085
1906 0.929557
1908 0.929763
1910 0.929145
1912 0.92942
1914 0.928596
1916 0.927497
1918 0.928253
1920 0.926605
1922 0.92633
1924 0.926742
1926 0.92736
1928 0.928939
1930 0.926948
1932 0.927909
1934 0.929283
1936 0.929077
1938 0.928253
1940 0.926399
1942 0.927497
1944 0.929488
1946 0.92942
1948 0.927635
1950 0.928871
1952 0.927909
1954 0.929008
1956 0.928596
1958 0.927978
1960 0.929763
1962 0.928802
1964 0.927841
1966 0.927429
1968 0.928802
1970 0.928047
1972 0.927635
1974 0.927429
1976 0.926811
1978 0.923996
1980 0.924751
1982 0.92125
1984 0.921524
1986 0.927703
1988 0.928596
1990 0.928939
1992 0.927291
1994 0.928047
1996 0.929283
1998 0.928321
2000 0.929626
2002 0.928733
2004 0.929351
2006 0.929694
2008 0.928871
2010 0.929145
2012 0.928459
2014 0.927978
2016 0.927978
2018 0.927841
2020 0.92839
2022 0.928871
2024 0.928802
2026 0.927497
2028 0.929145
2030 0.929008
2032 0.929077
2034 0.928527
2036 0.928733
2038 0.928871
2040 0.928665
2042 0.928527
2044 0.928596
2046 0.928596
2048 0.92839
2050 0.928733
2052 0.928527
2054 0.928665
2056 0.928802
2058 0.928527
2060 0.928802
2062 0.928527
2064 0.927085
2066 0.928184
2068 0.924751
2070 0.925163
2072 0.928733
2074 0.926056
2076 0.927154
2078 0.928665
2080 0.928733
2082 0.928596
2084 0.92839
2086 0.928665
2088 0.92688
2090 0.924957
2092 0.924614
2094 0.926468
2096 0.926811
2098 0.924408
2100 0.925987
2102 0.926948
2104 0.928527
2106 0.928527
2108 0.928253
2110 0.928321
2112 0.92839
2114 0.927085
2116 0.924202
2118 0.926536
2120 0.927154
2122 0.927978
2124 0.921181
2126 0.925094
2128 0.924957
2130 0.924477
2132 0.924888
2134 0.924751
2136 0.924888
2138 0.921387
2140 0.921593
2142 0.920906
2144 0.925575
2146 0.925781
2148 0.925644
2150 0.923721
2152 0.925506
2154 0.923927
2156 0.921936
2158 0.923996
2160 0.923927
2162 0.921456
2164 0.924545
2166 0.922073
2168 0.926948
2170 0.928184
2172 0.927978
2174 0.927909
2176 0.926811
2178 0.92585
2180 0.924888
2182 0.92379
2184 0.922554
2186 0.922485
2188 0.92482
2190 0.925781
2192 0.926674
2194 0.928596
2196 0.928321
2198 0.92633
2200 0.924545
2202 0.924682
2204 0.924751
2206 0.925575
2208 0.924682
2210 0.9253
2212 0.929351
2214 0.928939
2216 0.928596
2218 0.928871
2220 0.928527
2222 0.92585
2224 0.926605
2226 0.926674
2228 0.926742
2230 0.926674
2232 0.928047
2234 0.928596
2236 0.928527
2238 0.928733
2240 0.928596
2242 0.928459
2244 0.928871
2246 0.926056
2248 0.928665
2250 0.928184
2252 0.928184
2254 0.928253
2256 0.927154
2258 0.928665
2260 0.928733
2262 0.927223
2264 0.928733
2266 0.928321
2268 0.92839
2270 0.925163
2272 0.928596
2274 0.929488
2276 0.929214
2278 0.927429
2280 0.926056
2282 0.929077
2284 0.929351
2286 0.928733
2288 0.929214
2290 0.928733
2292 0.928939
2294 0.929283
2296 0.928184
2298 0.928871
2300 0.928939
2302 0.928253
2304 0.928321
2306 0.929145
2308 0.928459
2310 0.92839
2312 0.929077
2314 0.927978
2316 0.929008
2318 0.927841
2320 0.927909
2322 0.928596
2324 0.928871
2326 0.928733
2328 0.928733
2330 0.928596
2332 0.92942
2334 0.928596
2336 0.927978
2338 0.928802
2340 0.928802
2342 0.928939
2344 0.928939
2346 0.928459
2348 0.929008
2350 0.927909
2352 0.886371
2354 0.897425
2356 0.899622
2358 0.899279
2360 0.901133
2362 0.900996
2364 0.90436
2366 0.903261
2368 0.914041
2370 0.914109
2372 0.914041
2374 0.914178
2376 0.914384
2378 0.914109
2380 0.914178
2382 0.914864
2384 0.914452
2386 0.914041
2388 0.914521
2390 0.914796
2392 0.914796
2394 0.915002
2396 0.914246
2398 0.913423
2400 0.913079
2402 0.9115
2404 0.90944
2406 0.904978
2408 0.910745
2410 0.9115
2412 0.912599
2414 0.915826
2416 0.915414
2418 0.915894
2420 0.915894
2422 0.915345
2424 0.915894
2426 0.916375
2428 0.916238
2430 0.916444
2432 0.916787
2434 0.916924
2436 0.916238
2438 0.916238
2440 0.918023
2442 0.915688
2444 0.910882
2446 0.913629
2448 0.917405
2450 0.919533
2452 0.913629
2454 0.916169
2456 0.920082
2458 0.919396
2460 0.921456
2462 0.92125
2464 0.921867
2466 0.921936
2468 0.923859
2470 0.922554
2472 0.923515
2474 0.92276
2476 0.923584
2478 0.922897
2480 0.923103
2482 0.923172
2484 0.922829
2486 0.923859
2488 0.92173
2490 0.922142
2492 0.922142
2494 0.922348
2496 0.922211
2498 0.92379
2500 0.922554
2502 0.918984
2504 0.919533
2506 0.918091
2508 0.918229
2510 0.917817
2512 0.915826
2514 0.91562
2516 0.917611
2518 0.922279
2520 0.922142
2522 0.922279
2524 0.92379
2526 0.922829
2528 0.924957
2530 0.923515
2532 0.924408
2534 0.92379
2536 0.923927
2538 0.925094
2540 0.925094
2542 0.924888
2544 0.926056
2546 0.925438
2548 0.926605
2550 0.925712
2552 0.926811
2554 0.925987
2556 0.925438
2558 0.926056
2560 0.925712
2562 0.926193
2564 0.925712
2566 0.926674
2568 0.925918
2570 0.926262
2572 0.923103
2574 0.924545
2576 0.924271
2578 0.925781
2580 0.924614
2582 0.924271
2584 0.924408
2586 0.925644
2588 0.926468
2590 0.924408
2592 0.926124
2594 0.926605
2596 0.923721
2598 0.924545
2600 0.924614
2602 0.92482
2604 0.924545
2606 0.921867
2608 0.921524
2610 0.919533
2612 0.923241
2614 0.921524
2616 0.924271
2618 0.925987
2620 0.924957
2622 0.927017
2624 0.92736
2626 0.924888
2628 0.924545
2630 0.925369
2632 0.924339
2634 0.924545
2636 0.923378
2638 0.889324
2640 0.893375
2642 0.905664
2644 0.920151
2646 0.920838
2648 0.921318
2650 0.922348
2652 0.921936
2654 0.921318
2656 0.921661
2658 0.921524
2660 0.922142
2662 0.923241
2664 0.923378
2666 0.921524
2668 0.921936
2670 0.922966
2672 0.923035
2674 0.922691
2676 0.923515
2678 0.923653
2680 0.923447
2682 0.923584
2684 0.923447
2686 0.922897
2688 0.923103
2690 0.923584
2692 0.923103
2694 0.922417
2696 0.920151
2698 0.921799
2700 0.92173
2702 0.927429
2704 0.925438
2706 0.928253
2708 0.927497
2710 0.925369
2712 0.925232
2714 0.927566
2716 0.924888
2718 0.92482
2720 0.924888
2722 0.925232
2724 0.922966
2726 0.91967
2728 0.923859
2730 0.924408
2732 0.920975
2734 0.919464
2736 0.923721
2738 0.924957
2740 0.924614
2742 0.923653
2744 0.925094
2746 0.927566
2748 0.927635
2750 0.928253
2752 0.928184
2754 0.925232
2756 0.925026
2758 0.927978
2760 0.928321
2762 0.928115
2764 0.92839
2766 0.927635
2768 0.927841
2770 0.928321
2772 0.928733
2774 0.92839
2776 0.928459
2778 0.926948
2780 0.924682
2782 0.926056
2784 0.925918
2786 0.92379
2788 0.925438
2790 0.924751
2792 0.927497
2794 0.927223
2796 0.927291
2798 0.927017
2800 0.927566
2802 0.92839
2804 0.928665
2806 0.928527
2808 0.92736
2810 0.926811
2812 0.928802
2814 0.928047
2816 0.926811
2818 0.926536
2820 0.924477
2822 0.929077
2824 0.928802
2826 0.928459
2828 0.928665
2830 0.925026
2832 0.925094
2834 0.923996
2836 0.927154
2838 0.927291
2840 0.926948
2842 0.925987
2844 0.928321
2846 0.928459
2848 0.928115
2850 0.928459
2852 0.928115
2854 0.928527
2856 0.928321
2858 0.928184
2860 0.928253
2862 0.928047
2864 0.928184
2866 0.928871
2868 0.928596
2870 0.928939
2872 0.928047
2874 0.928596
2876 0.927291
2878 0.924271
2880 0.924545
2882 0.925506
2884 0.927085
2886 0.926124
2888 0.927978
2890 0.928459
2892 0.928733
2894 0.928115
2896 0.928047
2898 0.928253
2900 0.928047
2902 0.928665
2904 0.928459
2906 0.928527
2908 0.928115
2910 0.926056
2912 0.928184
2913 0.928184
