1 0.501545
2 0.498455
4 0.498455
6 0.795743
8 0.717954
10 0.589495
12 0.888706
14 0.890971
16 0.86907
18 0.894061
20 0.890971
22 0.890766
24 0.897357
26 0.888706
28 0.854926
30 0.88541
32 0.893992
34 0.870511
36 0.897975
38 0.813732
40 0.897082
42 0.858908
44 0.881085
46 0.621902
48 0.80666
50 0.865774
52 0.885754
54 0.881222
56 0.814006
58 0.896052
60 0.902506
62 0.904291
64 0.905939
66 0.9069
68 0.909097
70 0.904566
72 0.894954
74 0.901201
76 0.888225
78 0.902918
80 0.907587
82 0.906488
84 0.895022
86 0.869276
88 0.895846
90 0.89516
92 0.896395
94 0.890834
96 0.897082
98 0.901407
100 0.853896
102 0.910882
104 0.911775
106 0.912942
108 0.91253
110 0.908205
112 0.907381
114 0.856093
116 0.878682
118 0.886234
120 0.88644
122 0.861929
124 0.866873
126 0.888706
128 0.888706
130 0.889324
132 0.886509
134 0.880398
136 0.883144
138 0.862822
140 0.883762
142 0.884861
144 0.867216
146 0.897151
148 0.893512
150 0.893237
152 0.895503
154 0.898181
156 0.898318
158 0.656162
160 0.866323
162 0.871541
164 0.872846
166 0.872777
168 0.86907
170 0.876004
172 0.859801
174 0.879506
176 0.891727
178 0.894885
180 0.8977
182 0.896395
184 0.889461
186 0.897906
188 0.90436
190 0.905458
192 0.876279
194 0.900309
196 0.902506
198 0.907243
200 0.907655
202 0.90896
204 0.840645
206 0.855201
208 0.859801
210 0.870237
212 0.870168
214 0.869756
216 0.871404
218 0.865156
220 0.85932
222 0.849983
224 0.845657
226 0.858977
228 0.855956
230 0.856986
232 0.853141
234 0.862273
236 0.866049
238 0.871679
240 0.876965
242 0.878064
244 0.8747
246 0.874219
248 0.874288
250 0.870923
252 0.866804
254 0.870031
256 0.874356
258 0.882939
260 0.88287
262 0.883762
264 0.883556
266 0.883488
268 0.884243
270 0.88644
272 0.886715
274 0.887264
276 0.887195
278 0.888225
280 0.886715
282 0.883625
284 0.887745
286 0.887813
288 0.888363
290 0.889049
292 0.890422
294 0.889942
296 0.889873
298 0.889461
300 0.890491
302 0.890971
304 0.88541
306 0.881153
308 0.880536
310 0.857604
312 0.849708
314 0.883213
316 0.878544
318 0.871198
320 0.862822
322 0.891109
324 0.892482
326 0.901613
328 0.905321
330 0.90484
332 0.906076
334 0.906282
336 0.891246
338 0.902712
340 0.907381
342 0.899348
344 0.896945
346 0.906351
348 0.902712
350 0.902163
352 0.910264
354 0.910127
356 0.906694
358 0.912049
360 0.913835
362 0.911431
364 0.89056
366 0.911294
368 0.91507
370 0.914727
372 0.91562
374 0.915551
376 0.916855
378 0.915963
380 0.918915
382 0.917748
384 0.91816
386 0.918709
388 0.918778
390 0.918709
392 0.918709
394 0.919121
396 0.915688
398 0.916924
400 0.917061
402 0.918572
404 0.91967
406 0.918847
408 0.91919
410 0.916924
412 0.91713
414 0.919396
416 0.919739
418 0.912393
420 0.918229
422 0.919602
424 0.918915
426 0.920426
428 0.910676
430 0.910745
432 0.911569
434 0.90896
436 0.915963
438 0.91665
440 0.897631
442 0.906557
444 0.913972
446 0.91102
448 0.913766
450 0.915757
452 0.91356
454 0.914521
456 0.914727
458 0.916512
460 0.914315
462 0.914933
464 0.914246
466 0.917267
468 0.917267
470 0.916238
472 0.917336
474 0.917336
476 0.918023
478 0.918229
480 0.916444
482 0.914384
484 0.916512
486 0.918709
488 0.918091
490 0.918297
492 0.918641
494 0.912049
496 0.909784
498 0.912118
500 0.917061
502 0.91507
504 0.917473
506 0.917748
508 0.917748
510 0.907037
512 0.90642
514 0.917473
516 0.917473
518 0.915482
520 0.897357
522 0.910608
524 0.910676
526 0.910196
528 0.910539
530 0.909234
532 0.909097
534 0.907312
536 0.909715
538 0.910127
540 0.918915
542 0.918709
544 0.919602
546 0.919396
548 0.920151
550 0.919876
552 0.920426
554 0.919258
556 0.919396
558 0.920014
560 0.920014
562 0.920357
564 0.920357
566 0.919945
568 0.920151
570 0.91665
572 0.919808
574 0.919121
576 0.918366
578 0.917679
580 0.920426
582 0.918091
584 0.920563
586 0.919876
588 0.920563
590 0.919533
592 0.920632
594 0.9207
596 0.917748
598 0.92022
600 0.9161
602 0.916375
604 0.919396
606 0.920288
608 0.92022
610 0.920838
612 0.9207
614 0.920906
616 0.920838
618 0.920838
620 0.9207
622 0.920426
624 0.920906
626 0.914933
628 0.913697
630 0.905596
632 0.915002
634 0.920014
636 0.921867
638 0.921387
640 0.917679
642 0.917061
644 0.922005
646 0.912324
648 0.918503
650 0.920769
652 0.914796
654 0.917542
656 0.916169
658 0.917885
660 0.921661
662 0.911363
664 0.917954
666 0.918847
668 0.917817
670 0.921524
672 0.919739
674 0.920357
676 0.9207
678 0.921181
680 0.922348
682 0.920975
684 0.921044
686 0.921318
688 0.921456
690 0.920838
692 0.920357
694 0.920632
696 0.869894
698 0.914384
700 0.912736
702 0.915208
704 0.914727
706 0.915414
708 0.91562
710 0.91713
712 0.91665
714 0.917817
716 0.918435
718 0.915963
720 0.917679
722 0.917748
724 0.918023
726 0.917061
728 0.916512
730 0.916306
732 0.918709
734 0.91713
736 0.918023
738 0.917885
740 0.91816
742 0.918366
744 0.913835
746 0.916787
748 0.918229
750 0.917267
752 0.910951
754 0.918709
756 0.912942
758 0.914658
760 0.914384
762 0.914521
764 0.915002
766 0.918023
768 0.917885
770 0.917679
772 0.917748
774 0.918778
776 0.919464
778 0.920014
780 0.918984
782 0.917199
784 0.919808
786 0.91919
788 0.922279
790 0.921524
792 0.92276
794 0.922073
796 0.917679
798 0.918641
800 0.922485
802 0.921799
804 0.920426
806 0.915414
808 0.917611
810 0.92276
812 0.92276
814 0.922142
816 0.921661
818 0.922211
820 0.921524
822 0.920838
824 0.912736
826 0.910264
828 0.916512
830 0.912805
832 0.918366
834 0.917679
836 0.92022
838 0.920975
840 0.918915
842 0.920769
844 0.921112
846 0.919258
848 0.919808
850 0.910745
852 0.914246
854 0.914864
856 0.914315
858 0.914452
860 0.914178
862 0.91356
864 0.917542
866 0.917679
868 0.916512
870 0.916512
872 0.911363
874 0.909578
876 0.909921
878 0.917885
880 0.917817
882 0.918778
884 0.917817
886 0.918435
888 0.919602
890 0.922005
892 0.922554
894 0.909028
896 0.920082
898 0.921867
900 0.921524
902 0.922691
904 0.921112
906 0.921112
908 0.924477
910 0.923859
912 0.922623
914 0.918915
916 0.922966
918 0.918915
920 0.918229
922 0.922348
924 0.923378
926 0.922691
928 0.919533
930 0.919808
932 0.922005
934 0.919808
936 0.919396
938 0.921044
940 0.921936
942 0.917954
944 0.921112
946 0.923447
948 0.924339
950 0.92276
952 0.922966
954 0.924408
956 0.923447
958 0.922005
960 0.923859
962 0.924202
964 0.923927
966 0.924682
968 0.92276
970 0.919327
972 0.920906
974 0.923584
976 0.924339
978 0.921524
980 0.923859
982 0.921524
984 0.923996
986 0.91919
988 0.924888
990 0.919533
992 0.919945
994 0.921456
996 0.922211
998 0.922279
1000 0.921044
1002 0.921318
1004 0.914315
1006 0.915414
1008 0.916032
1010 0.920151
1012 0.915482
1014 0.92276
1016 0.924477
1018 0.922554
1020 0.92276
1022 0.921936
1024 0.919464
1026 0.921799
1028 0.921524
1030 0.922211
1032 0.924477
1034 0.920906
1036 0.919327
1038 0.908823
1040 0.91967
1042 0.91356
1044 0.919327
1046 0.922348
1048 0.923309
1050 0.923447
1052 0.924202
1054 0.922211
1056 0.922005
1058 0.897837
1060 0.910951
1062 0.90896
1064 0.910264
1066 0.910196
1068 0.912805
1070 0.910402
1072 0.911226
1074 0.911431
1076 0.911912
1078 0.91253
1080 0.913354
1082 0.912942
1084 0.913423
1086 0.912805
1088 0.913079
1090 0.912873
1092 0.913079
1094 0.913972
1096 0.913491
1098 0.913697
1100 0.911706
1102 0.913354
1104 0.914041
1106 0.914178
1108 0.914384
1110 0.913423
1112 0.913629
1114 0.913217
1116 0.915414
1118 0.916306
1120 0.916238
1122 0.915894
1124 0.916375
1126 0.911843
1128 0.915688
1130 0.917954
1132 0.918847
1134 0.918709
1136 0.913079
1138 0.91102
1140 0.914864
1142 0.92022
1144 0.915894
1146 0.907381
1148 0.907861
1150 0.910882
1152 0.919602
1154 0.919464
1156 0.920288
1158 0.919876
1160 0.920014
1162 0.920838
1164 0.920494
1166 0.922348
1168 0.922554
1170 0.922554
1172 0.922073
1174 0.923172
1176 0.922966
1178 0.922417
1180 0.922966
1182 0.922829
1184 0.919533
1186 0.919327
1188 0.923447
1190 0.922142
1192 0.923515
1194 0.923378
1196 0.922554
1198 0.923653
1200 0.923035
1202 0.919464
1204 0.919121
1206 0.92276
1208 0.921936
1210 0.922005
1212 0.915482
1214 0.904016
1216 0.910814
1218 0.918915
1220 0.920082
1222 0.920975
1224 0.919533
1226 0.922142
1228 0.922554
1230 0.922348
1232 0.922005
1234 0.922897
1236 0.921112
1238 0.920014
1240 0.923515
1242 0.922005
1244 0.920632
1246 0.774253
1248 0.85321
1250 0.865431
1252 0.879986
1254 0.880604
1256 0.88287
1258 0.883144
1260 0.88335
1262 0.885067
1264 0.888088
1266 0.887951
1268 0.889736
1270 0.888912
1272 0.887058
1274 0.895434
1276 0.89564
1278 0.904154
1280 0.905046
1282 0.904772
1284 0.9023
1286 0.906831
1288 0.912805
1290 0.909921
1292 0.913217
1294 0.91507
1296 0.917817
1298 0.914452
1300 0.917199
1302 0.919876
1304 0.920838
1306 0.918709
1308 0.919258
1310 0.919121
1312 0.921936
1314 0.908685
1316 0.915345
1318 0.917954
1320 0.919258
1322 0.916306
1324 0.911363
1326 0.915414
1328 0.916169
1330 0.91562
1332 0.919258
1334 0.921112
1336 0.922073
1338 0.921936
1340 0.919464
1342 0.923515
1344 0.919327
1346 0.921799
1348 0.917199
1350 0.918915
1352 0.918984
1354 0.924614
1356 0.924202
1358 0.924545
1360 0.924339
1362 0.923584
1364 0.846687
1366 0.860213
1368 0.866255
1370 0.875249
1372 0.881222
1374 0.882527
1376 0.882595
1378 0.882321
1380 0.881634
1382 0.876759
1384 0.877652
1386 0.870923
1388 0.86495
1390 0.86495
1392 0.865431
1394 0.867147
1396 0.869688
1398 0.873326
1400 0.864058
1402 0.859938
1404 0.87264
1406 0.874631
1408 0.88184
1410 0.880192
1412 0.874288
1414 0.884998
1416 0.885822
1418 0.882664
1420 0.884586
1422 0.88596
1424 0.883831
1426 0.881359
1428 0.885273
1430 0.886646
1432 0.885822
1434 0.889461
1436 0.886234
1438 0.888363
1440 0.876073
1442 0.886028
1444 0.885342
1446 0.880604
1448 0.88953
1450 0.885136
1452 0.893443
1454 0.897975
1456 0.899004
1458 0.899279
1460 0.898524
1462 0.898593
1464 0.899073
1466 0.899142
1468 0.89921
1470 0.899279
1472 0.897563
1474 0.90024
1476 0.900721
1478 0.900446
1480 0.900034
1482 0.900172
1484 0.90079
1486 0.901133
1488 0.896121
1490 0.889873
1492 0.893718
1494 0.887401
1496 0.895228
1498 0.898455
1500 0.894816
1502 0.899416
1504 0.901545
1506 0.902575
1508 0.905733
1510 0.906282
1512 0.903948
1514 0.904909
1516 0.906282
1518 0.907587
1520 0.905458
1522 0.907106
1524 0.907999
1526 0.908136
1528 0.9023
1530 0.902781
1532 0.906076
1534 0.906282
1536 0.89873
1538 0.903811
1540 0.899828
1542 0.907175
1544 0.908411
1546 0.908273
1548 0.90896
1550 0.908685
1552 0.908205
1554 0.885204
1556 0.907655
1558 0.904909
1560 0.838174
1562 0.849159
1564 0.864744
1566 0.866529
1568 0.869276
1570 0.886646
1572 0.892207
1574 0.891246
1576 0.890834
1578 0.893649
1580 0.891589
1582 0.893992
1584 0.893718
1586 0.893855
1588 0.894267
1590 0.893031
1592 0.892276
1594 0.89104
1596 0.891589
1598 0.89001
1600 0.889736
1602 0.890422
1604 0.891521
1606 0.880536
1608 0.881428
1610 0.881153
1612 0.885136
1614 0.888843
1616 0.892894
1618 0.892757
1620 0.89001
1622 0.886921
1624 0.890628
1626 0.890422
1628 0.89001
1630 0.890216
1632 0.890354
1634 0.893443
1636 0.893443
1638 0.893306
1640 0.893306
1642 0.89413
1644 0.896601
1646 0.893375
1648 0.89413
1650 0.890834
1652 0.892482
1654 0.893718
1656 0.895022
1658 0.896739
1660 0.894885
1662 0.895022
1664 0.898524
1666 0.899554
1668 0.899966
1670 0.899691
1672 0.89976
1674 0.900584
1676 0.899554
1678 0.900103
1680 0.900103
1682 0.900584
1684 0.90024
1686 0.901133
1688 0.901064
1690 0.899828
1692 0.899073
1694 0.90127
1696 0.898593
1698 0.898524
1700 0.887401
1702 0.887333
1704 0.887401
1706 0.893992
1708 0.900378
1710 0.900446
1712 0.900996
1714 0.899416
1716 0.902643
1718 0.903811
1720 0.902369
1722 0.901339
1724 0.902849
1726 0.904566
1728 0.905046
1730 0.905184
1732 0.904909
1734 0.901201
1736 0.904428
1738 0.897975
1740 0.896327
1742 0.896327
1744 0.897563
1746 0.899485
1748 0.886989
1750 0.892413
1752 0.892139
1754 0.89207
1756 0.895091
1758 0.8839
1760 0.888019
1762 0.879918
1764 0.888912
1766 0.8977
1768 0.901957
1770 0.904154
1772 0.905664
1774 0.890285
1776 0.89667
1778 0.898112
1780 0.892963
1782 0.902712
1784 0.901957
1786 0.902712
1788 0.908479
1790 0.902643
1792 0.905046
1794 0.903811
1796 0.902231
1798 0.911363
1800 0.912393
1802 0.912118
1804 0.912599
1806 0.911843
1808 0.912873
1810 0.915139
1812 0.915139
1814 0.915688
1816 0.90436
1818 0.912118
1820 0.913217
1822 0.915208
1824 0.914178
1826 0.916032
1828 0.915345
1830 0.915688
1832 0.915688
1834 0.915757
1836 0.914933
1838 0.915002
1840 0.9161
1842 0.915482
1844 0.915345
1846 0.915826
1848 0.914178
1850 0.914796
1852 0.914658
1854 0.913423
1856 0.916787
1858 0.915208
1860 0.916306
1862 0.916169
1864 0.915208
1866 0.914452
1868 0.91459
1870 0.914796
1872 0.914933
1874 0.915688
1876 0.915826
1878 0.90079
1880 0.899004
1882 0.884312
1884 0.902231
1886 0.90642
1888 0.907449
1890 0.908411
1892 0.910882
1894 0.911294
1896 0.911157
1898 0.911088
1900 0.911569
1902 0.911843
1904 0.912461
1906 0.910951
1908 0.911569
1910 0.908205
1912 0.913354
1914 0.913011
1916 0.910676
1918 0.910058
1920 0.915551
1922 0.915963
1924 0.918641
1926 0.917473
1928 0.918572
1930 0.918503
1932 0.918229
1934 0.918503
1936 0.918023
1938 0.918366
1940 0.918778
1942 0.918641
1944 0.919327
1946 0.918847
1948 0.919396
1950 0.919464
1952 0.918503
1954 0.912187
1956 0.914796
1958 0.916924
1960 0.91459
1962 0.915551
1964 0.917885
1966 0.917611
1968 0.917405
1970 0.91713
1972 0.916444
1974 0.91562
1976 0.916238
1978 0.919464
1980 0.919327
1982 0.919876
1984 0.91919
1986 0.919602
1988 0.919396
1990 0.919602
1992 0.918778
1994 0.914384
1996 0.912461
1998 0.916375
2000 0.920838
2002 0.921867
2004 0.920632
2006 0.920151
2008 0.91967
2010 0.91967
2012 0.918023
2014 0.916032
2016 0.914933
2018 0.915276
2020 0.917473
2022 0.916512
2024 0.919121
2026 0.918229
2028 0.917748
2030 0.920014
2032 0.921112
2034 0.919876
2036 0.919258
2038 0.920494
2040 0.920082
2042 0.91967
2044 0.919945
2046 0.919258
2048 0.918435
2050 0.915482
2052 0.91713
2054 0.916993
2056 0.917473
2058 0.919121
2060 0.920082
2062 0.915345
2064 0.915414
2066 0.919327
2068 0.920838
2070 0.920769
2072 0.920426
2074 0.920357
2076 0.920151
2078 0.919396
2080 0.920082
2082 0.919808
2084 0.920426
2086 0.921593
2088 0.921112
2090 0.920357
2092 0.921524
2094 0.922073
2096 0.919739
2098 0.921593
2100 0.920838
2102 0.922348
2104 0.922623
2106 0.922829
2108 0.922554
2110 0.922829
2112 0.923103
2114 0.922554
2116 0.923859
2118 0.923721
2120 0.922897
2122 0.923103
2124 0.923241
2126 0.923103
2128 0.923584
2130 0.922005
2132 0.921318
2134 0.92125
2136 0.921936
2138 0.921936
2140 0.924133
2142 0.92125
2144 0.921661
2146 0.923035
2148 0.923309
2150 0.925094
2152 0.924545
2154 0.924545
2156 0.925094
2158 0.925026
2160 0.924202
2162 0.92379
2164 0.92276
2166 0.922005
2168 0.924614
2170 0.920838
2172 0.923103
2174 0.924614
2176 0.923103
2178 0.925094
2180 0.924408
2182 0.923584
2184 0.920563
2186 0.920494
2188 0.921593
2190 0.924271
2192 0.924339
2194 0.919464
2196 0.921799
2198 0.924339
2200 0.924957
2202 0.92482
2204 0.924065
2206 0.922485
2208 0.925026
2210 0.919396
2212 0.917473
2214 0.920082
2216 0.918229
2218 0.917679
2220 0.914041
2222 0.921456
2224 0.922142
2226 0.924477
2228 0.923859
2230 0.922966
2232 0.923927
2234 0.92379
2236 0.924957
2238 0.924957
2240 0.924614
2242 0.923859
2244 0.924682
2246 0.924751
2248 0.924957
2250 0.924682
2252 0.924408
2254 0.922485
2256 0.922554
2258 0.923515
2260 0.92482
2262 0.923515
2264 0.925438
2266 0.925369
2268 0.920082
2270 0.921867
2272 0.920151
2274 0.923241
2276 0.919945
2278 0.921318
2280 0.875592
2282 0.907449
2284 0.914384
2286 0.909852
2288 0.906969
2290 0.904291
2292 0.910745
2294 0.920014
2296 0.920494
2298 0.919739
2300 0.920426
2302 0.919808
2304 0.920906
2306 0.920151
2308 0.920563
2310 0.919876
2312 0.918503
2314 0.92379
2316 0.925369
2318 0.926124
2320 0.926124
2322 0.925918
2324 0.925575
2326 0.923515
2328 0.925987
2330 0.925438
2332 0.926605
2334 0.926536
2336 0.925575
2338 0.9253
2340 0.926948
2342 0.926605
2344 0.926468
2346 0.926536
2348 0.926468
2350 0.926124
2352 0.926605
2354 0.925094
2356 0.926742
2358 0.926262
2360 0.926056
2362 0.926056
2364 0.926536
2366 0.926056
2368 0.926605
2370 0.926811
2372 0.927154
2374 0.926056
2376 0.926742
2378 0.92633
2380 0.926056
2382 0.926948
2384 0.926948
2386 0.926536
2388 0.926193
2390 0.925644
2392 0.925712
2394 0.926468
2396 0.926262
2398 0.925506
2400 0.924957
2402 0.926674
2404 0.926536
2406 0.925712
2408 0.925781
2410 0.926536
2412 0.926399
2414 0.92633
2416 0.926536
2418 0.925712
2420 0.926605
2422 0.926399
2424 0.926536
2426 0.926536
2428 0.926948
2430 0.926948
2432 0.925094
2434 0.92482
2436 0.923035
2438 0.922211
2440 0.925781
2442 0.926674
2444 0.92633
2446 0.925644
2448 0.926399
2450 0.925918
2452 0.92585
2454 0.923172
2456 0.923927
2458 0.92585
2460 0.925094
2462 0.925163
2464 0.923241
2466 0.924545
2468 0.918503
2470 0.916718
2472 0.92379
2474 0.926674
2476 0.92688
2478 0.926399
2480 0.926742
2482 0.926811
2484 0.926742
2486 0.927085
2488 0.927154
2490 0.9253
2492 0.926536
2494 0.926742
2496 0.926605
2498 0.926674
2500 0.926605
2502 0.926124
2504 0.925712
2506 0.925781
2508 0.926056
2510 0.926262
2512 0.926193
2514 0.92585
2516 0.924065
2518 0.925026
2520 0.925575
2522 0.926399
2524 0.925918
2526 0.925506
2528 0.925644
2530 0.925506
2532 0.925987
2534 0.925026
2536 0.923996
2538 0.925163
2540 0.925094
2542 0.925781
2544 0.925094
2546 0.925438
2548 0.926262
2550 0.926056
2552 0.926262
2554 0.923172
2556 0.924614
2558 0.923103
2560 0.924271
2562 0.924614
2564 0.925575
2566 0.924751
2568 0.925163
2570 0.924271
2572 0.925781
2574 0.923653
2576 0.923172
2578 0.922211
2580 0.920014
2582 0.918847
2584 0.919258
2586 0.920563
2588 0.922279
2590 0.922623
2592 0.915551
2594 0.918572
2596 0.91919
2598 0.920494
2600 0.922485
2602 0.926262
2604 0.925712
2606 0.926399
2608 0.921456
2610 0.924477
2612 0.921112
2614 0.919945
2616 0.922211
2618 0.924957
2620 0.924202
2622 0.921593
2624 0.92585
2626 0.927223
2628 0.925094
2630 0.92276
2632 0.924339
2634 0.924271
2636 0.925987
2638 0.925781
2640 0.926811
2642 0.92688
2644 0.926262
2646 0.926056
2648 0.924751
2650 0.925163
2652 0.916032
2654 0.914452
2656 0.924408
2658 0.924271
2660 0.924271
2662 0.924751
2664 0.923584
2666 0.91816
2668 0.919396
2670 0.918091
2672 0.922966
2674 0.922211
2676 0.924271
2678 0.923241
2680 0.920288
2682 0.921181
2684 0.919464
2686 0.921387
2688 0.921936
2690 0.916238
2692 0.915482
2694 0.91047
2696 0.915551
2698 0.919258
2700 0.921524
2702 0.920975
2704 0.919945
2706 0.918984
2708 0.919464
2710 0.922485
2712 0.922211
2714 0.922211
2716 0.923584
2718 0.923378
2720 0.923515
2722 0.924751
2724 0.925232
2726 0.9253
2728 0.925026
2730 0.92379
2732 0.925644
2734 0.925369
2736 0.925369
2738 0.926811
2740 0.924751
2742 0.923653
2744 0.926536
2746 0.925438
2748 0.923653
2750 0.924888
2752 0.923653
2754 0.923172
2756 0.92482
2758 0.926742
2760 0.924888
2762 0.926536
2764 0.926674
2766 0.926193
2768 0.924888
2770 0.926811
2772 0.925644
2774 0.924888
2776 0.926262
2778 0.926262
2780 0.925094
2782 0.926811
2784 0.924682
2786 0.926193
2788 0.927291
2790 0.926742
2792 0.925094
2794 0.92633
2796 0.925987
2798 0.924477
2800 0.926674
2802 0.92688
2804 0.926674
2806 0.926742
2808 0.926674
2810 0.924751
2812 0.926536
2814 0.925438
2816 0.924271
2818 0.923515
2820 0.925575
2822 0.925712
2824 0.924888
2826 0.925575
2828 0.926468
2830 0.927085
2832 0.92482
2834 0.925438
2836 0.925094
2838 0.925781
2840 0.924408
2842 0.924065
2844 0.925918
2846 0.922897
2848 0.923584
2850 0.924271
2852 0.925026
2854 0.924202
2856 0.924888
2858 0.925781
2860 0.926262
2862 0.926193
2864 0.923103
2866 0.923721
2868 0.924477
2870 0.92482
2872 0.9253
2874 0.924682
2876 0.9253
2878 0.92482
2880 0.924477
2882 0.922417
2884 0.92482
2886 0.925438
2888 0.924477
2890 0.925163
2892 0.924408
2894 0.925163
2896 0.924545
2898 0.92379
2900 0.923859
2902 0.924614
2904 0.922966
2906 0.923996
2908 0.923309
2910 0.923241
2912 0.922554
2913 0.922554
