1 0.501545
2 0.498455
4 0.743632
6 0.824236
8 0.510882
10 0.831377
12 0.667834
14 0.895091
16 0.895572
18 0.888088
20 0.879025
22 0.873944
24 0.842019
26 0.901613
28 0.897837
30 0.897837
32 0.892345
34 0.833162
36 0.873944
38 0.894816
40 0.860968
42 0.905527
44 0.907106
46 0.901476
48 0.905184
50 0.906076
52 0.908136
54 0.906763
56 0.903948
58 0.898181
60 0.871129
62 0.897494
64 0.900034
66 0.860899
68 0.905252
70 0.903536
72 0.907037
74 0.907655
76 0.908411
78 0.901133
80 0.905939
82 0.910608
84 0.905733
86 0.906763
88 0.910333
90 0.91102
92 0.910676
94 0.908548
96 0.811329
98 0.85115
100 0.853416
102 0.85781
104 0.869207
106 0.868383
108 0.865843
110 0.875386
112 0.868314
114 0.875867
116 0.874288
118 0.872914
120 0.877171
122 0.877034
124 0.876691
126 0.876897
128 0.850257
130 0.837899
132 0.864126
134 0.868246
136 0.883762
138 0.88493
140 0.826777
142 0.882458
144 0.868795
146 0.69461
148 0.847168
150 0.894748
152 0.914315
154 0.915276
156 0.915688
158 0.915757
160 0.916924
162 0.916169
164 0.910264
166 0.903605
168 0.901476
170 0.911912
172 0.914521
174 0.91665
176 0.917267
178 0.895091
180 0.896052
182 0.902987
184 0.89413
186 0.899691
188 0.90436
190 0.904566
192 0.897357
194 0.916169
196 0.916238
198 0.914727
200 0.91459
202 0.911775
204 0.911912
206 0.917473
208 0.916375
210 0.900034
212 0.917267
214 0.916993
216 0.917679
218 0.918091
220 0.917679
222 0.915414
224 0.914041
226 0.917679
228 0.916238
230 0.914452
232 0.912461
234 0.910951
236 0.917817
238 0.917679
240 0.914452
242 0.910951
244 0.910058
246 0.903673
248 0.919396
250 0.916238
252 0.918984
254 0.918984
256 0.91919
258 0.920151
260 0.919464
262 0.919739
264 0.919876
266 0.920014
268 0.919327
270 0.919121
272 0.913903
274 0.91816
276 0.914864
278 0.917542
280 0.916993
282 0.918984
284 0.919053
286 0.918778
288 0.919464
290 0.920288
292 0.91919
294 0.919533
296 0.919739
298 0.91665
300 0.91919
302 0.919327
304 0.919258
306 0.919121
308 0.919876
310 0.833162
312 0.856231
314 0.863989
316 0.873395
318 0.873738
320 0.867491
322 0.865225
324 0.849571
326 0.852249
328 0.867079
330 0.877446
332 0.879162
334 0.880879
336 0.880536
338 0.88081
340 0.881016
342 0.880673
344 0.881565
346 0.88184
348 0.877721
350 0.874768
352 0.860487
354 0.870374
356 0.858771
358 0.854995
360 0.84298
362 0.845108
364 0.832338
366 0.857055
368 0.868658
370 0.871747
372 0.87367
374 0.882939
376 0.879986
378 0.867559
380 0.875935
382 0.881359
384 0.884449
386 0.877789
388 0.882527
390 0.880879
392 0.888088
394 0.883762
396 0.885342
398 0.874631
400 0.879437
402 0.881428
404 0.883213
406 0.870649
408 0.851013
410 0.892551
412 0.892894
414 0.89516
416 0.895297
418 0.893169
420 0.896258
422 0.893786
424 0.889186
426 0.892139
428 0.889392
430 0.88541
432 0.880261
434 0.891315
436 0.896945
438 0.896945
440 0.896601
442 0.888706
444 0.870511
446 0.874356
448 0.893855
450 0.89413
452 0.869962
454 0.88898
456 0.890766
458 0.894198
460 0.885754
462 0.880879
464 0.88081
466 0.891109
468 0.888637
470 0.897357
472 0.901133
474 0.90024
476 0.891177
478 0.886165
480 0.891109
482 0.895434
484 0.900446
486 0.873807
488 0.890697
490 0.8839
492 0.895366
494 0.89207
496 0.897151
498 0.89667
500 0.906145
502 0.907106
504 0.9023
506 0.89976
508 0.899622
510 0.902231
512 0.904428
514 0.902575
516 0.904154
518 0.905458
520 0.900034
522 0.903536
524 0.9023
526 0.906076
528 0.906625
530 0.906282
532 0.907655
534 0.904978
536 0.905664
538 0.905252
540 0.901613
542 0.903055
544 0.902987
546 0.901545
548 0.904909
550 0.907587
552 0.905939
554 0.903811
556 0.908136
558 0.907655
560 0.908205
562 0.906488
564 0.907999
566 0.907312
568 0.906557
570 0.909097
572 0.909784
574 0.910127
576 0.91047
578 0.91047
580 0.910196
582 0.909578
584 0.91102
586 0.910608
588 0.907587
590 0.910333
592 0.910539
594 0.910402
596 0.908548
598 0.907518
600 0.912255
602 0.912118
604 0.910196
606 0.906763
608 0.90484
610 0.904909
612 0.909097
614 0.902163
616 0.905527
618 0.904978
620 0.911706
622 0.910196
624 0.910676
626 0.912942
628 0.913423
630 0.913697
632 0.90999
634 0.910127
636 0.912324
638 0.910196
640 0.90944
642 0.906351
644 0.912393
646 0.912873
648 0.909578
650 0.900996
652 0.91047
654 0.913766
656 0.913079
658 0.912049
660 0.913766
662 0.912324
664 0.911912
666 0.913835
668 0.91356
670 0.913285
672 0.914109
674 0.913011
676 0.914727
678 0.913972
680 0.912599
682 0.913697
684 0.914727
686 0.914658
688 0.910676
690 0.898798
692 0.909784
694 0.913491
696 0.914658
698 0.915208
700 0.914658
702 0.914864
704 0.915208
706 0.915002
708 0.91507
710 0.914864
712 0.915757
714 0.914452
716 0.914796
718 0.915345
720 0.915688
722 0.91562
724 0.915826
726 0.915345
728 0.915276
730 0.915276
732 0.913835
734 0.912736
736 0.912599
738 0.910608
740 0.909921
742 0.907587
744 0.912324
746 0.907243
748 0.880467
750 0.882046
752 0.897151
754 0.898524
756 0.896945
758 0.894061
760 0.893375
762 0.895366
764 0.897631
766 0.898455
768 0.882046
770 0.893992
772 0.9023
774 0.914178
776 0.913354
778 0.916032
780 0.91459
782 0.917473
784 0.917473
786 0.917954
788 0.918023
790 0.919808
792 0.919808
794 0.919739
796 0.91665
798 0.914864
800 0.919396
802 0.918366
804 0.918435
806 0.917336
808 0.918091
810 0.918847
812 0.918023
814 0.919121
816 0.918297
818 0.918847
820 0.920082
822 0.920426
824 0.922417
826 0.92379
828 0.92379
830 0.923584
832 0.923927
834 0.924202
836 0.924271
838 0.923927
840 0.924133
842 0.924202
844 0.921593
846 0.924271
848 0.921799
850 0.920632
852 0.921044
854 0.924133
856 0.925026
858 0.925163
860 0.924133
862 0.923309
864 0.920426
866 0.921936
868 0.917885
870 0.921387
872 0.921318
874 0.921181
876 0.922142
878 0.923447
880 0.92379
882 0.924751
884 0.924751
886 0.924682
888 0.921661
890 0.922142
892 0.922897
894 0.920014
896 0.921867
898 0.924477
900 0.924751
902 0.924957
904 0.924751
906 0.924339
908 0.923584
910 0.923584
912 0.921044
914 0.923584
916 0.924957
918 0.924751
920 0.92482
922 0.905939
924 0.904016
926 0.897631
928 0.904428
930 0.915963
932 0.912942
934 0.918984
936 0.919945
938 0.918915
940 0.918915
942 0.923996
944 0.923859
946 0.923447
948 0.92379
950 0.921524
952 0.921936
954 0.917954
956 0.920151
958 0.923515
960 0.924751
962 0.923996
964 0.925094
966 0.901888
968 0.908342
970 0.909784
972 0.909784
974 0.909852
976 0.906008
978 0.9069
980 0.90793
982 0.909166
984 0.908067
986 0.908548
988 0.911157
990 0.910402
992 0.910814
994 0.912736
996 0.913491
998 0.914727
1000 0.91507
1002 0.915139
1004 0.916581
1006 0.917061
1008 0.917336
1010 0.919327
1012 0.91816
1014 0.919121
1016 0.918778
1018 0.919258
1020 0.917817
1022 0.921318
1024 0.920838
1026 0.921456
1028 0.921799
1030 0.921867
1032 0.922417
1034 0.922142
1036 0.921112
1038 0.922005
1040 0.922348
1042 0.920288
1044 0.918503
1046 0.918572
1048 0.919053
1050 0.920151
1052 0.917405
1054 0.917267
1056 0.918572
1058 0.920426
1060 0.926399
1062 0.92633
1064 0.92585
1066 0.926536
1068 0.92585
1070 0.926536
1072 0.919121
1074 0.917473
1076 0.922348
1078 0.925644
1080 0.925369
1082 0.924477
1084 0.925987
1086 0.920906
1088 0.923241
1090 0.907449
1092 0.918366
1094 0.917473
1096 0.919533
1098 0.921593
1100 0.920288
1102 0.923859
1104 0.926399
1106 0.924408
1108 0.921181
1110 0.921799
1112 0.92379
1114 0.922966
1116 0.924614
1118 0.920288
1120 0.920563
1122 0.924614
1124 0.925781
1126 0.925918
1128 0.925506
1130 0.926056
1132 0.92585
1134 0.91816
1136 0.918435
1138 0.921936
1140 0.921799
1142 0.923515
1144 0.920563
1146 0.920563
1148 0.922623
1150 0.923103
1152 0.922348
1154 0.924751
1156 0.92482
1158 0.9207
1160 0.923515
1162 0.920426
1164 0.920151
1166 0.920838
1168 0.923447
1170 0.924339
1172 0.923515
1174 0.925163
1176 0.925163
1178 0.92585
1180 0.92585
1182 0.925987
1184 0.924957
1186 0.921181
1188 0.919258
1190 0.920563
1192 0.917611
1194 0.922348
1196 0.920426
1198 0.92585
1200 0.923927
1202 0.925094
1204 0.924202
1206 0.924133
1208 0.924065
1210 0.924065
1212 0.925026
1214 0.923859
1216 0.923309
1218 0.92688
1220 0.926605
1222 0.927291
1224 0.927017
1226 0.92736
1228 0.92688
1230 0.927017
1232 0.926948
1234 0.92736
1236 0.927017
1238 0.927085
1240 0.926742
1242 0.926674
1244 0.927223
1246 0.926262
1248 0.927017
1250 0.927429
1252 0.927566
1254 0.927635
1256 0.926811
1258 0.921456
1260 0.923653
1262 0.925575
1264 0.926262
1266 0.922279
1268 0.924133
1270 0.925644
1272 0.92736
1274 0.926742
1276 0.927223
1278 0.926124
1280 0.923859
1282 0.926056
1284 0.923653
1286 0.924477
1288 0.923378
1290 0.922005
1292 0.91507
1294 0.92173
1296 0.922966
1298 0.923035
1300 0.922966
1302 0.923172
1304 0.92482
1306 0.925438
1308 0.923447
1310 0.923515
1312 0.922966
1314 0.925987
1316 0.923172
1318 0.925712
1320 0.925987
1322 0.925369
1324 0.923103
1326 0.92585
1328 0.926536
1330 0.926742
1332 0.925575
1334 0.925232
1336 0.926742
1338 0.926262
1340 0.925369
1342 0.925712
1344 0.922829
1346 0.926193
1348 0.923378
1350 0.923103
1352 0.925506
1354 0.923172
1356 0.926056
1358 0.925232
1360 0.924065
1362 0.926262
1364 0.924477
1366 0.92482
1368 0.927085
1370 0.923927
1372 0.920975
1374 0.923447
1376 0.925094
1378 0.924339
1380 0.922897
1382 0.926399
1384 0.926399
1386 0.92633
1388 0.92633
1390 0.923859
1392 0.925781
1394 0.925644
1396 0.926124
1398 0.925918
1400 0.923309
1402 0.92276
1404 0.925712
1406 0.924133
1408 0.924408
1410 0.923927
1412 0.918572
1414 0.924339
1416 0.923996
1418 0.926193
1420 0.926742
1422 0.927497
1424 0.926536
1426 0.92379
1428 0.92585
1430 0.926811
1432 0.925712
1434 0.927291
1436 0.924751
1438 0.923515
1440 0.920357
1442 0.918435
1444 0.920563
1446 0.917679
1448 0.920906
1450 0.924477
1452 0.926193
1454 0.926056
1456 0.927154
1458 0.926811
1460 0.927223
1462 0.92633
1464 0.926948
1466 0.927154
1468 0.925712
1470 0.92688
1472 0.926948
1474 0.927017
1476 0.927154
1478 0.925644
1480 0.925712
1482 0.924339
1484 0.926262
1486 0.924545
1488 0.924614
1490 0.921799
1492 0.927223
1494 0.927497
1496 0.925918
1498 0.925987
1500 0.927017
1502 0.927429
1504 0.923721
1506 0.927017
1508 0.926811
1510 0.926742
1512 0.92633
1514 0.921181
1516 0.925987
1518 0.926468
1520 0.922211
1522 0.922829
1524 0.923447
1526 0.870992
1528 0.910882
1530 0.902781
1532 0.911157
1534 0.910333
1536 0.910264
1538 0.910745
1540 0.910402
1542 0.914315
1544 0.910951
1546 0.919396
1548 0.921456
1550 0.924545
1552 0.925712
1554 0.925163
1556 0.91356
1558 0.925644
1560 0.922348
1562 0.920426
1564 0.92585
1566 0.927154
1568 0.927154
1570 0.927429
1572 0.924477
1574 0.897219
1576 0.901339
1578 0.917611
1580 0.918572
1582 0.920494
1584 0.918847
1586 0.918091
1588 0.919602
1590 0.92125
1592 0.920014
1594 0.919739
1596 0.92125
1598 0.919945
1600 0.907861
1602 0.918297
1604 0.9207
1606 0.920426
1608 0.918778
1610 0.922279
1612 0.923996
1614 0.922279
1616 0.923859
1618 0.924133
1620 0.923241
1622 0.923859
1624 0.923584
1626 0.924682
1628 0.922829
1630 0.921799
1632 0.921593
1634 0.921867
1636 0.921387
1638 0.921387
1640 0.92125
1642 0.921661
1644 0.919876
1646 0.919327
1648 0.92173
1650 0.911157
1652 0.918915
1654 0.920426
1656 0.92125
1658 0.919739
1660 0.914521
1662 0.920494
1664 0.921044
1666 0.921181
1668 0.921524
1670 0.921936
1672 0.916924
1674 0.92125
1676 0.920906
1678 0.91507
1680 0.914933
1682 0.920288
1684 0.922485
1686 0.918023
1688 0.911843
1690 0.920632
1692 0.9161
1694 0.923241
1696 0.923584
1698 0.923172
1700 0.918229
1702 0.918572
1704 0.922897
1706 0.920357
1708 0.921044
1710 0.925369
1712 0.918091
1714 0.925163
1716 0.924545
1718 0.92379
1720 0.923927
1722 0.918435
1724 0.918641
1726 0.922623
1728 0.916169
1730 0.917542
1732 0.916512
1734 0.918297
1736 0.917542
1738 0.919121
1740 0.918229
1742 0.920082
1744 0.920151
1746 0.920632
1748 0.920357
1750 0.920838
1752 0.921112
1754 0.920975
1756 0.921112
1758 0.917611
1760 0.911775
1762 0.920357
1764 0.923378
1766 0.923653
1768 0.924682
1770 0.924682
1772 0.917336
1774 0.914246
1776 0.921661
1778 0.92633
1780 0.92688
1782 0.927497
1784 0.926262
1786 0.924065
1788 0.926056
1790 0.927635
1792 0.92633
1794 0.926948
1796 0.921936
1798 0.92125
1800 0.922211
1802 0.924545
1804 0.926262
1806 0.925781
1808 0.92585
1810 0.925918
1812 0.915688
1814 0.924477
1816 0.924751
1818 0.927154
1820 0.924751
1822 0.92379
1824 0.926674
1826 0.925918
1828 0.92688
1830 0.924545
1832 0.926399
1834 0.926536
1836 0.924202
1838 0.924545
1840 0.922348
1842 0.916924
1844 0.910402
1846 0.918229
1848 0.92688
1850 0.926674
1852 0.927223
1854 0.926742
1856 0.926536
1858 0.924888
1860 0.922417
1862 0.925163
1864 0.927085
1866 0.921799
1868 0.923996
1870 0.927154
1872 0.922279
1874 0.92482
1876 0.928115
1878 0.927085
1880 0.918915
1882 0.918915
1884 0.923584
1886 0.923447
1888 0.925026
1890 0.924271
1892 0.9253
1894 0.924888
1896 0.925232
1898 0.925506
1900 0.925918
1902 0.924751
1904 0.924133
1906 0.919602
1908 0.920288
1910 0.923103
1912 0.923309
1914 0.922966
1916 0.922211
1918 0.924477
1920 0.924408
1922 0.923721
1924 0.924408
1926 0.926948
1928 0.927017
1930 0.927085
1932 0.924202
1934 0.924408
1936 0.879025
1938 0.895778
1940 0.904291
1942 0.905321
1944 0.911843
1946 0.919053
1948 0.920975
1950 0.924545
1952 0.923927
1954 0.928115
1956 0.922142
1958 0.922691
1960 0.927772
1962 0.924133
1964 0.927291
1966 0.925369
1968 0.924957
1970 0.924339
1972 0.920563
1974 0.925644
1976 0.927909
1978 0.927841
1980 0.925575
1982 0.928047
1984 0.926262
1986 0.92839
1988 0.928115
1990 0.922966
1992 0.916581
1994 0.921867
1996 0.924133
1998 0.924202
2000 0.923035
2002 0.924545
2004 0.924751
2006 0.923653
2008 0.923721
2010 0.928665
2012 0.928321
2014 0.928253
2016 0.926468
2018 0.92839
2020 0.927772
2022 0.92482
2024 0.92633
2026 0.924271
2028 0.927841
2030 0.927909
2032 0.928115
2034 0.928665
2036 0.927017
2038 0.927978
2040 0.909784
2042 0.914727
2044 0.919327
2046 0.919396
2048 0.918503
2050 0.91919
2052 0.919739
2054 0.919053
2056 0.885067
2058 0.903673
2060 0.912118
2062 0.920357
2064 0.920426
2066 0.923859
2068 0.912805
2070 0.915414
2072 0.919396
2074 0.923721
2076 0.912736
2078 0.912873
2080 0.924545
2082 0.928733
2084 0.925094
2086 0.92839
2088 0.926193
2090 0.926811
2092 0.928115
2094 0.926468
2096 0.928802
2098 0.928459
2100 0.928321
2102 0.928665
2104 0.923515
2106 0.927772
2108 0.924957
2110 0.928596
2112 0.926948
2114 0.925163
2116 0.927909
2118 0.925644
2120 0.927291
2122 0.927429
2124 0.927566
2126 0.927772
2128 0.922279
2130 0.923927
2132 0.922829
2134 0.925232
2136 0.922073
2138 0.920975
2140 0.92173
2142 0.920975
2144 0.926468
2146 0.925369
2148 0.9253
2150 0.926536
2152 0.925781
2154 0.925918
2156 0.924682
2158 0.926674
2160 0.927085
2162 0.926399
2164 0.927291
2166 0.925438
2168 0.922211
2170 0.919464
2172 0.923241
2174 0.925163
2176 0.926674
2178 0.924888
2180 0.92633
2182 0.926399
2184 0.927154
2186 0.922417
2188 0.923927
2190 0.924614
2192 0.925026
2194 0.924888
2196 0.925026
2198 0.924339
2200 0.925987
2202 0.9207
2204 0.924477
2206 0.918297
2208 0.92585
2210 0.926056
2212 0.923721
2214 0.906351
2216 0.909372
2218 0.913491
2220 0.919808
2222 0.920494
2224 0.920151
2226 0.928047
2228 0.925438
2230 0.914452
2232 0.922966
2234 0.922897
2236 0.920769
2238 0.923035
2240 0.924339
2242 0.923653
2244 0.926536
2246 0.928184
2248 0.927566
2250 0.928321
2252 0.926056
2254 0.924202
2256 0.922691
2258 0.92276
2260 0.92173
2262 0.923515
2264 0.927223
2266 0.924957
2268 0.925026
2270 0.928527
2272 0.928184
2274 0.928253
2276 0.927429
2278 0.928184
2280 0.927017
2282 0.927085
2284 0.9253
2286 0.92839
2288 0.928321
2290 0.926674
2292 0.925781
2294 0.928459
2296 0.92839
2298 0.928527
2300 0.926399
2302 0.927223
2304 0.923653
2306 0.927085
2308 0.927085
2310 0.926948
2312 0.928665
2314 0.925918
2316 0.926948
2318 0.924271
2320 0.928321
2322 0.929008
2324 0.927635
2326 0.928321
2328 0.92839
2330 0.928184
2332 0.928253
2334 0.928047
2336 0.927017
2338 0.928321
2340 0.922966
2342 0.92482
2344 0.92839
2346 0.927841
2348 0.927223
2350 0.927085
2352 0.927978
2354 0.925918
2356 0.927497
2358 0.928459
2360 0.925369
2362 0.928253
2364 0.928527
2366 0.928596
2368 0.928459
2370 0.928321
2372 0.926811
2374 0.928733
2376 0.925232
2378 0.92736
2380 0.925575
2382 0.923241
2384 0.925094
2386 0.922211
2388 0.928665
2390 0.928871
2392 0.927017
2394 0.928321
2396 0.918709
2398 0.910402
2400 0.920906
2402 0.921799
2404 0.920632
2406 0.923172
2408 0.927085
2410 0.925918
2412 0.926605
2414 0.92736
2416 0.927017
2418 0.919876
2420 0.925438
2422 0.926536
2424 0.926399
2426 0.92633
2428 0.923653
2430 0.927772
2432 0.928047
2434 0.927909
2436 0.925163
2438 0.924545
2440 0.925438
2442 0.924545
2444 0.925438
2446 0.928115
2448 0.92688
2450 0.925232
2452 0.927703
2454 0.927909
2456 0.925781
2458 0.925918
2460 0.923927
2462 0.922005
2464 0.925438
2466 0.92736
2468 0.926742
2470 0.927909
2472 0.925918
2474 0.928527
2476 0.921112
2478 0.914109
2480 0.919876
2482 0.920975
2484 0.925163
2486 0.924957
2488 0.923859
2490 0.925232
2492 0.925232
2494 0.923859
2496 0.925438
2498 0.926399
2500 0.925644
2502 0.926193
2504 0.926536
2506 0.925987
2508 0.926536
2510 0.923515
2512 0.922485
2514 0.927223
2516 0.923515
2518 0.927291
2520 0.927703
2522 0.927635
2524 0.927772
2526 0.928184
2528 0.927978
2530 0.927909
2532 0.925506
2534 0.921661
2536 0.927291
2538 0.927291
2540 0.928665
2542 0.929145
2544 0.928733
2546 0.928253
2548 0.929283
2550 0.928733
2552 0.927772
2554 0.927978
2556 0.929008
2558 0.928871
2560 0.928527
2562 0.928459
2564 0.928733
2566 0.924682
2568 0.917679
2570 0.927497
2572 0.927566
2574 0.927017
2576 0.928115
2578 0.928115
2580 0.927978
2582 0.927703
2584 0.927978
2586 0.927772
2588 0.928253
2590 0.927841
2592 0.925369
2594 0.924202
2596 0.92482
2598 0.924682
2600 0.928184
2602 0.927978
2604 0.9253
2606 0.925369
2608 0.928115
2610 0.929008
2612 0.927978
2614 0.927291
2616 0.927909
2618 0.927909
2620 0.916718
2622 0.925163
2624 0.927429
2626 0.92585
2628 0.92633
2630 0.925369
2632 0.926811
2634 0.925575
2636 0.925575
2638 0.925506
2640 0.926468
2642 0.924545
2644 0.92585
2646 0.927017
2648 0.922279
2650 0.926056
2652 0.925026
2654 0.927635
2656 0.927085
2658 0.927223
2660 0.925575
2662 0.925712
2664 0.925506
2666 0.927978
2668 0.925438
2670 0.924477
2672 0.926468
2674 0.925369
2676 0.926399
2678 0.926605
2680 0.926536
2682 0.927978
2684 0.928321
2686 0.92482
2688 0.923035
2690 0.925026
2692 0.924751
2694 0.925438
2696 0.92736
2698 0.927017
2700 0.927017
2702 0.92688
2704 0.926056
2706 0.926948
2708 0.923927
2710 0.927497
2712 0.926124
2714 0.924888
2716 0.926948
2718 0.928596
2720 0.926468
2722 0.925094
2724 0.928733
2726 0.925781
2728 0.928253
2730 0.928802
2732 0.928802
2734 0.928871
2736 0.928665
2738 0.929008
2740 0.928047
2742 0.925987
2744 0.925369
2746 0.925506
2748 0.926468
2750 0.9253
2752 0.928527
2754 0.927978
2756 0.929077
2758 0.928665
2760 0.928321
2762 0.927841
2764 0.928665
2766 0.928871
2768 0.924957
2770 0.923653
2772 0.927085
2774 0.928459
2776 0.927703
2778 0.928733
2780 0.928733
2782 0.927497
2784 0.924202
2786 0.924888
2788 0.924408
2790 0.929077
2792 0.927635
2794 0.927841
2796 0.926468
2798 0.929077
2800 0.925506
2802 0.927429
2804 0.923859
2806 0.924614
2808 0.928596
2810 0.927703
2812 0.926742
2814 0.92736
2816 0.927841
2818 0.928321
2820 0.927154
2822 0.928459
2824 0.927841
2826 0.927841
2828 0.926056
2830 0.924614
2832 0.926399
2834 0.927429
2836 0.927909
2838 0.925232
2840 0.926056
2842 0.928047
2844 0.927635
2846 0.92839
2848 0.928321
2850 0.928871
2852 0.928459
2854 0.928115
2856 0.927978
2858 0.926536
2860 0.923447
2862 0.923859
2864 0.919739
2866 0.923515
2868 0.927566
2870 0.928733
2872 0.922966
2874 0.922966
2876 0.9253
2878 0.928115
2880 0.929557
2882 0.927017
2884 0.927841
2886 0.929145
2888 0.925369
2890 0.928527
2892 0.927978
2894 0.929214
2896 0.926742
2898 0.926811
2900 0.928733
2902 0.927909
2904 0.927635
2906 0.929488
2908 0.929077
2910 0.929145
2912 0.928871
2913 0.928871
