1 0.501545
2 0.498455
4 0.498455
6 0.595881
8 0.635427
10 0.756746
12 0.850669
14 0.886509
16 0.885616
18 0.644902
20 0.823618
22 0.802952
24 0.801716
26 0.834809
28 0.838586
30 0.850257
32 0.851493
34 0.832887
36 0.866529
38 0.677446
40 0.894336
42 0.901888
44 0.888225
46 0.900309
48 0.905733
50 0.903948
52 0.907861
54 0.909028
56 0.897494
58 0.904978
60 0.906488
62 0.90944
64 0.911569
66 0.911981
68 0.810367
70 0.846001
72 0.870992
74 0.869756
76 0.867491
78 0.874562
80 0.87978
82 0.867903
84 0.878338
86 0.886509
88 0.888225
90 0.886509
92 0.889186
94 0.876485
96 0.889804
98 0.892139
100 0.879574
102 0.89413
104 0.904634
106 0.899966
108 0.90539
110 0.883556
112 0.897837
114 0.911226
116 0.908823
118 0.917885
120 0.916238
122 0.917817
124 0.895709
126 0.89564
128 0.905458
130 0.909852
132 0.738757
134 0.832887
136 0.861586
138 0.876622
140 0.876004
142 0.862822
144 0.873876
146 0.874288
148 0.861243
150 0.862135
152 0.846069
154 0.85829
156 0.888637
158 0.901545
160 0.904428
162 0.904085
164 0.905664
166 0.906351
168 0.891589
170 0.875318
172 0.901888
174 0.909097
176 0.909578
178 0.910745
180 0.905527
182 0.819156
184 0.848129
186 0.847099
188 0.851081
190 0.858428
192 0.866255
194 0.864607
196 0.868452
198 0.858428
200 0.868314
202 0.878133
204 0.869001
206 0.884037
208 0.885754
210 0.88644
212 0.887882
214 0.889118
216 0.888774
218 0.884586
220 0.895846
222 0.898524
224 0.899897
226 0.900584
228 0.90127
230 0.8977
232 0.893169
234 0.904016
236 0.903055
238 0.896327
240 0.903055
242 0.90436
244 0.904703
246 0.905802
248 0.906076
250 0.906351
252 0.907381
254 0.906831
256 0.904634
258 0.906008
260 0.906282
262 0.905115
264 0.903124
266 0.902094
268 0.90436
270 0.907312
272 0.907381
274 0.908067
276 0.909234
278 0.907381
280 0.904772
282 0.904428
284 0.905802
286 0.907312
288 0.899828
290 0.9069
292 0.906831
294 0.908685
296 0.907587
298 0.909028
300 0.908823
302 0.908891
304 0.909509
306 0.906488
308 0.906694
310 0.909715
312 0.909509
314 0.908823
316 0.909372
318 0.907175
320 0.908342
322 0.899897
324 0.907381
326 0.891521
328 0.909097
330 0.911775
332 0.91102
334 0.910814
336 0.910333
338 0.904497
340 0.910264
342 0.910127
344 0.911706
346 0.908617
348 0.909715
350 0.901957
352 0.903055
354 0.897082
356 0.911363
358 0.9115
360 0.910333
362 0.9069
364 0.911912
366 0.912873
368 0.912736
370 0.912667
372 0.910951
374 0.911226
376 0.911294
378 0.911363
380 0.912461
382 0.912736
384 0.911157
386 0.906076
388 0.910951
390 0.912393
392 0.912393
394 0.912187
396 0.9115
398 0.910402
400 0.912805
402 0.913079
404 0.914109
406 0.913011
408 0.913354
410 0.913629
412 0.913629
414 0.90944
416 0.913835
418 0.912736
420 0.904154
422 0.913697
424 0.91356
426 0.913423
428 0.913354
430 0.911088
432 0.913766
434 0.914109
436 0.913972
438 0.914041
440 0.913766
442 0.914246
444 0.913766
446 0.913697
448 0.9115
450 0.91356
452 0.914178
454 0.913972
456 0.914727
458 0.908067
460 0.907175
462 0.908342
464 0.906831
466 0.913285
468 0.913629
470 0.914521
472 0.91507
474 0.914384
476 0.91459
478 0.915963
480 0.915139
482 0.91356
484 0.915482
486 0.909303
488 0.910608
490 0.908891
492 0.911226
494 0.911775
496 0.9115
498 0.912942
500 0.911226
502 0.91356
504 0.914521
506 0.914727
508 0.913629
510 0.913011
512 0.914933
514 0.915002
516 0.915002
518 0.915208
520 0.914178
522 0.914933
524 0.911157
526 0.916444
528 0.915757
530 0.916032
532 0.915414
534 0.912461
536 0.909303
538 0.911157
540 0.910058
542 0.908273
544 0.914796
546 0.916924
548 0.916444
550 0.916444
552 0.916924
554 0.916581
556 0.918435
558 0.917885
560 0.918435
562 0.918435
564 0.918847
566 0.918297
568 0.918915
570 0.918503
572 0.916787
574 0.917542
576 0.918435
578 0.91665
580 0.91459
582 0.912187
584 0.907381
586 0.91713
588 0.919327
590 0.91919
592 0.907999
594 0.912324
596 0.91459
598 0.912255
600 0.913079
602 0.913423
604 0.913079
606 0.913354
608 0.913697
610 0.9115
612 0.909028
614 0.907999
616 0.909372
618 0.916375
620 0.915551
622 0.914521
624 0.915276
626 0.9161
628 0.914864
630 0.915345
632 0.916581
634 0.914384
636 0.914315
638 0.916581
640 0.9161
642 0.887951
644 0.904703
646 0.913697
648 0.916581
650 0.915688
652 0.917954
654 0.913354
656 0.916238
658 0.914315
660 0.912324
662 0.910058
664 0.915688
666 0.91816
668 0.915345
670 0.917542
672 0.917405
674 0.901476
676 0.909166
678 0.914658
680 0.916512
682 0.919739
684 0.918091
686 0.919464
688 0.919258
690 0.918091
692 0.915826
694 0.915757
696 0.913972
698 0.914933
700 0.919533
702 0.914521
704 0.88596
706 0.899897
708 0.904291
710 0.905252
712 0.912049
714 0.912255
716 0.912324
718 0.911775
720 0.912049
722 0.912255
724 0.911088
726 0.911226
728 0.911569
730 0.913766
732 0.914178
734 0.914246
736 0.916512
738 0.914178
740 0.916444
742 0.914933
744 0.909921
746 0.918503
748 0.918847
750 0.918297
752 0.915826
754 0.917885
756 0.917954
758 0.91816
760 0.919121
762 0.918366
764 0.91919
766 0.919876
768 0.920426
770 0.920426
772 0.916444
774 0.920632
776 0.861243
778 0.864813
780 0.87312
782 0.901613
784 0.898593
786 0.899004
788 0.905046
790 0.908685
792 0.908411
794 0.908136
796 0.905458
798 0.904085
800 0.909784
802 0.90793
804 0.903605
806 0.853759
808 0.883488
810 0.8977
812 0.907861
814 0.907724
816 0.908067
818 0.907724
820 0.90539
822 0.906969
824 0.906145
826 0.906831
828 0.904291
830 0.903055
832 0.905802
834 0.908136
836 0.906214
838 0.903948
840 0.902369
842 0.908754
844 0.909784
846 0.908273
848 0.912118
850 0.910196
852 0.912942
854 0.913354
856 0.914864
858 0.914384
860 0.912599
862 0.915208
864 0.912255
866 0.914315
868 0.915208
870 0.91562
872 0.915414
874 0.91562
876 0.916444
878 0.913423
880 0.907724
882 0.900446
884 0.911569
886 0.904428
888 0.907449
890 0.912187
892 0.910333
894 0.914658
896 0.899897
898 0.904566
900 0.906076
902 0.909852
904 0.909028
906 0.910882
908 0.911226
910 0.911088
912 0.913011
914 0.914315
916 0.903879
918 0.907106
920 0.910676
922 0.91047
924 0.911226
926 0.909715
928 0.90944
930 0.906831
932 0.910676
934 0.911226
936 0.910539
938 0.911431
940 0.911363
942 0.911706
944 0.911775
946 0.911775
948 0.911569
950 0.913217
952 0.912461
954 0.91253
956 0.90642
958 0.908754
960 0.908754
962 0.913354
964 0.914658
966 0.913835
968 0.909372
970 0.906694
972 0.906145
974 0.907793
976 0.90896
978 0.908754
980 0.909372
982 0.909715
984 0.9115
986 0.905458
988 0.910882
990 0.912324
992 0.912599
994 0.912736
996 0.91459
998 0.917679
1000 0.915208
1002 0.910333
1004 0.912667
1006 0.910058
1008 0.916924
1010 0.913491
1012 0.914041
1014 0.913903
1016 0.913835
1018 0.897082
1020 0.89461
1022 0.903261
1024 0.906694
1026 0.905596
1028 0.908617
1030 0.911775
1032 0.917748
1034 0.918984
1036 0.917199
1038 0.92022
1040 0.920288
1042 0.920494
1044 0.920357
1046 0.920357
1048 0.920769
1050 0.914727
1052 0.90999
1054 0.910882
1056 0.915688
1058 0.912118
1060 0.916787
1062 0.914727
1064 0.912049
1066 0.920632
1068 0.921318
1070 0.919602
1072 0.916512
1074 0.911088
1076 0.902231
1078 0.893992
1080 0.906763
1082 0.889186
1084 0.908205
1086 0.906351
1088 0.918847
1090 0.918641
1092 0.917542
1094 0.908617
1096 0.917611
1098 0.915482
1100 0.916787
1102 0.917748
1104 0.920632
1106 0.922211
1108 0.921593
1110 0.919602
1112 0.922005
1114 0.921799
1116 0.919945
1118 0.916718
1120 0.917061
1122 0.916718
1124 0.919396
1126 0.9207
1128 0.921936
1130 0.920632
1132 0.920769
1134 0.920906
1136 0.921799
1138 0.921593
1140 0.919533
1142 0.916238
1144 0.921181
1146 0.920563
1148 0.921867
1150 0.92173
1152 0.919464
1154 0.912873
1156 0.918709
1158 0.92022
1160 0.92173
1162 0.919808
1164 0.91816
1166 0.915276
1168 0.919945
1170 0.919327
1172 0.919945
1174 0.917473
1176 0.9161
1178 0.921456
1180 0.921799
1182 0.922554
1184 0.920357
1186 0.920632
1188 0.921936
1190 0.920975
1192 0.92173
1194 0.921661
1196 0.921456
1198 0.918778
1200 0.91713
1202 0.916855
1204 0.919945
1206 0.920357
1208 0.915826
1210 0.920082
1212 0.918023
1214 0.920632
1216 0.912049
1218 0.914109
1220 0.91459
1222 0.912736
1224 0.918091
1226 0.91507
1228 0.915208
1230 0.9115
1232 0.910882
1234 0.916855
1236 0.919808
1238 0.919464
1240 0.919945
1242 0.920151
1244 0.919602
1246 0.920426
1248 0.916444
1250 0.922348
1252 0.922897
1254 0.922966
1256 0.922829
1258 0.921867
1260 0.922829
1262 0.923241
1264 0.923241
1266 0.923378
1268 0.92379
1270 0.923172
1272 0.922897
1274 0.923035
1276 0.923515
1278 0.923309
1280 0.923515
1282 0.923241
1284 0.922554
1286 0.923309
1288 0.92125
1290 0.922691
1292 0.922966
1294 0.923103
1296 0.923035
1298 0.922897
1300 0.923241
1302 0.923035
1304 0.923378
1306 0.919396
1308 0.917336
1310 0.920288
1312 0.923515
1314 0.922279
1316 0.923103
1318 0.922142
1320 0.918435
1322 0.917885
1324 0.922279
1326 0.921524
1328 0.922005
1330 0.921936
1332 0.920975
1334 0.923172
1336 0.922142
1338 0.922142
1340 0.922348
1342 0.923447
1344 0.922623
1346 0.922829
1348 0.922348
1350 0.921661
1352 0.921661
1354 0.91713
1356 0.921936
1358 0.85472
1360 0.861929
1362 0.873258
1364 0.893169
1366 0.904634
1368 0.898524
1370 0.903948
1372 0.903124
1374 0.911157
1376 0.91047
1378 0.911226
1380 0.912942
1382 0.913354
1384 0.912461
1386 0.915963
1388 0.909784
1390 0.912667
1392 0.912461
1394 0.91665
1396 0.916993
1398 0.915963
1400 0.911775
1402 0.915894
1404 0.915208
1406 0.915757
1408 0.911294
1410 0.916032
1412 0.916169
1414 0.9161
1416 0.917748
1418 0.915963
1420 0.917885
1422 0.91713
1424 0.914041
1426 0.908205
1428 0.915826
1430 0.913011
1432 0.9115
1434 0.914041
1436 0.903605
1438 0.913766
1440 0.911157
1442 0.913629
1444 0.906282
1446 0.908617
1448 0.911363
1450 0.910951
1452 0.911775
1454 0.917199
1456 0.916787
1458 0.918709
1460 0.918641
1462 0.918572
1464 0.917611
1466 0.918091
1468 0.916787
1470 0.916032
1472 0.917405
1474 0.918297
1476 0.919739
1478 0.919808
1480 0.918709
1482 0.919945
1484 0.920082
1486 0.919327
1488 0.92022
1490 0.920082
1492 0.920426
1494 0.919739
1496 0.919464
1498 0.919602
1500 0.920494
1502 0.920563
1504 0.919396
1506 0.920769
1508 0.919053
1510 0.919258
1512 0.917267
1514 0.91562
1516 0.914109
1518 0.91967
1520 0.919808
1522 0.919258
1524 0.921387
1526 0.920014
1528 0.920082
1530 0.917199
1532 0.920426
1534 0.921318
1536 0.921936
1538 0.921661
1540 0.921524
1542 0.921181
1544 0.9207
1546 0.917954
1548 0.918503
1550 0.921593
1552 0.921799
1554 0.919258
1556 0.916993
1558 0.918984
1560 0.920426
1562 0.920151
1564 0.920563
1566 0.920357
1568 0.920426
1570 0.917748
1572 0.918778
1574 0.918366
1576 0.920632
1578 0.921181
1580 0.921112
1582 0.921593
1584 0.921318
1586 0.921661
1588 0.921456
1590 0.921936
1592 0.921112
1594 0.922005
1596 0.921867
1598 0.922005
1600 0.918915
1602 0.921593
1604 0.921799
1606 0.922211
1608 0.921799
1610 0.918641
1612 0.9207
1614 0.921593
1616 0.92173
1618 0.922005
1620 0.921799
1622 0.922005
1624 0.921936
1626 0.921318
1628 0.922005
1630 0.92173
1632 0.920838
1634 0.921799
1636 0.922073
1638 0.921318
1640 0.922417
1642 0.917542
1644 0.921799
1646 0.921867
1648 0.922623
1650 0.92173
1652 0.922554
1654 0.919876
1656 0.919533
1658 0.919396
1660 0.922623
1662 0.873944
1664 0.880536
1666 0.886509
1668 0.887745
1670 0.910196
1672 0.910608
1674 0.910608
1676 0.910608
1678 0.913491
1680 0.913491
1682 0.913285
1684 0.913217
1686 0.912942
1688 0.914109
1690 0.913629
1692 0.91507
1694 0.915276
1696 0.904016
1698 0.904291
1700 0.915963
1702 0.916238
1704 0.916581
1706 0.91713
1708 0.916032
1710 0.919533
1712 0.919327
1714 0.915002
1716 0.911431
1718 0.91102
1720 0.908479
1722 0.916787
1724 0.918984
1726 0.918641
1728 0.919739
1730 0.921044
1732 0.921387
1734 0.920082
1736 0.920082
1738 0.921044
1740 0.921456
1742 0.922211
1744 0.920906
1746 0.922211
1748 0.921044
1750 0.922211
1752 0.91816
1754 0.920357
1756 0.91967
1758 0.922073
1760 0.922073
1762 0.923035
1764 0.922348
1766 0.921593
1768 0.921799
1770 0.923309
1772 0.920494
1774 0.923996
1776 0.924751
1778 0.92482
1780 0.923447
1782 0.923378
1784 0.923378
1786 0.923172
1788 0.921524
1790 0.920151
1792 0.923653
1794 0.924202
1796 0.91816
1798 0.919739
1800 0.922348
1802 0.92379
1804 0.921181
1806 0.923584
1808 0.921593
1810 0.920357
1812 0.921456
1814 0.923378
1816 0.922691
1818 0.922966
1820 0.923035
1822 0.923035
1824 0.895984
1826 0.902231
1828 0.899828
1830 0.900515
1832 0.909509
1834 0.908273
1836 0.907243
1838 0.917885
1840 0.919258
1842 0.919739
1844 0.919945
1846 0.92022
1848 0.920975
1850 0.919808
1852 0.920357
1854 0.918709
1856 0.918778
1858 0.9207
1860 0.920769
1862 0.922073
1864 0.921524
1866 0.922279
1868 0.917336
1870 0.926056
1872 0.923447
1874 0.922554
1876 0.925094
1878 0.921799
1880 0.92482
1882 0.925369
1884 0.924751
1886 0.923927
1888 0.924065
1890 0.925026
1892 0.923996
1894 0.924408
1896 0.922417
1898 0.922966
1900 0.918641
1902 0.91713
1904 0.918572
1906 0.922691
1908 0.922691
1910 0.923447
1912 0.924614
1914 0.907243
1916 0.915757
1918 0.915826
1920 0.919053
1922 0.917954
1924 0.918984
1926 0.918366
1928 0.918984
1930 0.918915
1932 0.919053
1934 0.919121
1936 0.917954
1938 0.917679
1940 0.917885
1942 0.917748
1944 0.918091
1946 0.918709
1948 0.919533
1950 0.918366
1952 0.915688
1954 0.91713
1956 0.915002
1958 0.907312
1960 0.904978
1962 0.907793
1964 0.907243
1966 0.909715
1968 0.915826
1970 0.913697
1972 0.918366
1974 0.915963
1976 0.912461
1978 0.913629
1980 0.916444
1982 0.912942
1984 0.91967
1986 0.920357
1988 0.922554
1990 0.921936
1992 0.922348
1994 0.921456
1996 0.921318
1998 0.923927
2000 0.92276
2002 0.92276
2004 0.921936
2006 0.923859
2008 0.924614
2010 0.924614
2012 0.925026
2014 0.925094
2016 0.925094
2018 0.925438
2020 0.925575
2022 0.925506
2024 0.924888
2026 0.923103
2028 0.925575
2030 0.925575
2032 0.925094
2034 0.923721
2036 0.923378
2038 0.9207
2040 0.922073
2042 0.921661
2044 0.922005
2046 0.92125
2048 0.912805
2050 0.918297
2052 0.922005
2054 0.921593
2056 0.923378
2058 0.925094
2060 0.924682
2062 0.92482
2064 0.924957
2066 0.924339
2068 0.924339
2070 0.924202
2072 0.920769
2074 0.923378
2076 0.924202
2078 0.921867
2080 0.922485
2082 0.923172
2084 0.922691
2086 0.923103
2088 0.923103
2090 0.923035
2092 0.924614
2094 0.924888
2096 0.924751
2098 0.924751
2100 0.923309
2102 0.923447
2104 0.922279
2106 0.920563
2108 0.922142
2110 0.922485
2112 0.925781
2114 0.925781
2116 0.925712
2118 0.926124
2120 0.926056
2122 0.924614
2124 0.922279
2126 0.924408
2128 0.925094
2130 0.925644
2132 0.925987
2134 0.925232
2136 0.925712
2138 0.925712
2140 0.925232
2142 0.925438
2144 0.924477
2146 0.924202
2148 0.91967
2150 0.916718
2152 0.920632
2154 0.921112
2156 0.917267
2158 0.914384
2160 0.921867
2162 0.925506
2164 0.926742
2166 0.926605
2168 0.926674
2170 0.926193
2172 0.926124
2174 0.926193
2176 0.926605
2178 0.926742
2180 0.924682
2182 0.924751
2184 0.92482
2186 0.919945
2188 0.921867
2190 0.922073
2192 0.919876
2194 0.919121
2196 0.920426
2198 0.922897
2200 0.923859
2202 0.924888
2204 0.923241
2206 0.923653
2208 0.92482
2210 0.925918
2212 0.926674
2214 0.927017
2216 0.92482
2218 0.92633
2220 0.925026
2222 0.926124
2224 0.925918
2226 0.924271
2228 0.925163
2230 0.924957
2232 0.924682
2234 0.922211
2236 0.925575
2238 0.925712
2240 0.925163
2242 0.923653
2244 0.918984
2246 0.92125
2248 0.920632
2250 0.922348
2252 0.922417
2254 0.919327
2256 0.922417
2258 0.922554
2260 0.914864
2262 0.915002
2264 0.912873
2266 0.909921
2268 0.904978
2270 0.913972
2272 0.920151
2274 0.919121
2276 0.921524
2278 0.922348
2280 0.923447
2282 0.925781
2284 0.925026
2286 0.927223
2288 0.925987
2290 0.922005
2292 0.922142
2294 0.922485
2296 0.91919
2298 0.921593
2300 0.921593
2302 0.924545
2304 0.903467
2306 0.910951
2308 0.920288
2310 0.92022
2312 0.919739
2314 0.920014
2316 0.920563
2318 0.92022
2320 0.919876
2322 0.920563
2324 0.920288
2326 0.920494
2328 0.920288
2330 0.920632
2332 0.919258
2334 0.918709
2336 0.919808
2338 0.920357
2340 0.924339
2342 0.925987
2344 0.926193
2346 0.926811
2348 0.92633
2350 0.92482
2352 0.925163
2354 0.92688
2356 0.927154
2358 0.92688
2360 0.927085
2362 0.925232
2364 0.92585
2366 0.924682
2368 0.925026
2370 0.925918
2372 0.926948
2374 0.926605
2376 0.927085
2378 0.927085
2380 0.927223
2382 0.925987
2384 0.925094
2386 0.925026
2388 0.925506
2390 0.925094
2392 0.926056
2394 0.925506
2396 0.926056
2398 0.927017
2400 0.926262
2402 0.926948
2404 0.926468
2406 0.926811
2408 0.92585
2410 0.926948
2412 0.926811
2414 0.925644
2416 0.92482
2418 0.922142
2420 0.920014
2422 0.915002
2424 0.91713
2426 0.919327
2428 0.922211
2430 0.922211
2432 0.927085
2434 0.927017
2436 0.927017
2438 0.923996
2440 0.920632
2442 0.913423
2444 0.91102
2446 0.916444
2448 0.92173
2450 0.925918
2452 0.926674
2454 0.923653
2456 0.924682
2458 0.925026
2460 0.924682
2462 0.923515
2464 0.922417
2466 0.921318
2468 0.92276
2470 0.922073
2472 0.922966
2474 0.923103
2476 0.922554
2478 0.922966
2480 0.922897
2482 0.923584
2484 0.924751
2486 0.924888
2488 0.922829
2490 0.925094
2492 0.923447
2494 0.924202
2496 0.922073
2498 0.921661
2500 0.861792
2502 0.907449
2504 0.893512
2506 0.900378
2508 0.90999
2510 0.907587
2512 0.903536
2514 0.906969
2516 0.908617
2518 0.909852
2520 0.910539
2522 0.910539
2524 0.909921
2526 0.910402
2528 0.909372
2530 0.911294
2532 0.912324
2534 0.910264
2536 0.912049
2538 0.911981
2540 0.912805
2542 0.912667
2544 0.913697
2546 0.913011
2548 0.914178
2550 0.914933
2552 0.915688
2554 0.917267
2556 0.917473
2558 0.917061
2560 0.919464
2562 0.917542
2564 0.919464
2566 0.919808
2568 0.918915
2570 0.920014
2572 0.919739
2574 0.920357
2576 0.919602
2578 0.920975
2580 0.918366
2582 0.918641
2584 0.919053
2586 0.922073
2588 0.923103
2590 0.922623
2592 0.920151
2594 0.921593
2596 0.922691
2598 0.922623
2600 0.922554
2602 0.922691
2604 0.92173
2606 0.923241
2608 0.923103
2610 0.92276
2612 0.921456
2614 0.923515
2616 0.923103
2618 0.923378
2620 0.923515
2622 0.923927
2624 0.922417
2626 0.922348
2628 0.921524
2630 0.921524
2632 0.921661
2634 0.918229
2636 0.920288
2638 0.920563
2640 0.923653
2642 0.921318
2644 0.922417
2646 0.924339
2648 0.924065
2650 0.924545
2652 0.924339
2654 0.923653
2656 0.922485
2658 0.921181
2660 0.921524
2662 0.924202
2664 0.924133
2666 0.924339
2668 0.924957
2670 0.923584
2672 0.921867
2674 0.923515
2676 0.924271
2678 0.917748
2680 0.923584
2682 0.92482
2684 0.924408
2686 0.920357
2688 0.918709
2690 0.919121
2692 0.918847
2694 0.915826
2696 0.92276
2698 0.922211
2700 0.923309
2702 0.924408
2704 0.924545
2706 0.925094
2708 0.924271
2710 0.925026
2712 0.9253
2714 0.924888
2716 0.925163
2718 0.924202
2720 0.925506
2722 0.920769
2724 0.921387
2726 0.921318
2728 0.922211
2730 0.922829
2732 0.922142
2734 0.92125
2736 0.92173
2738 0.920494
2740 0.916993
2742 0.918503
2744 0.919053
2746 0.918503
2748 0.91967
2750 0.91665
2752 0.922073
2754 0.925987
2756 0.92482
2758 0.921044
2760 0.922073
2762 0.9253
2764 0.925506
2766 0.925369
2768 0.921799
2770 0.92173
2772 0.921936
2774 0.921799
2776 0.9207
2778 0.921867
2780 0.92276
2782 0.925506
2784 0.9253
2786 0.926056
2788 0.924202
2790 0.923721
2792 0.925644
2794 0.92482
2796 0.925781
2798 0.925987
2800 0.926674
2802 0.922005
2804 0.918297
2806 0.922073
2808 0.923515
2810 0.924133
2812 0.92585
2814 0.923859
2816 0.923172
2818 0.924957
2820 0.924545
2822 0.926674
2824 0.923241
2826 0.923927
2828 0.923515
2830 0.925644
2832 0.923859
2834 0.92482
2836 0.925987
2838 0.926193
2840 0.925712
2842 0.925644
2844 0.924888
2846 0.925506
2848 0.925438
2850 0.923927
2852 0.925506
2854 0.925369
2856 0.9253
2858 0.925918
2860 0.924133
2862 0.917542
2864 0.921318
2866 0.922623
2868 0.922897
2870 0.925369
2872 0.923653
2874 0.88335
2876 0.885342
2878 0.896121
2880 0.900172
2882 0.903124
2884 0.903879
2886 0.903536
2888 0.90436
2890 0.905046
2892 0.905046
2894 0.905184
2896 0.905733
2898 0.905046
2900 0.904703
2902 0.906214
2904 0.905939
2906 0.906831
2908 0.906557
2910 0.905802
2912 0.90539
2913 0.90539
